-20 7.71166e-173
-19.99 1.14975e-172
-19.98 1.71384e-172
-19.97 2.55417e-172
-19.96 3.80577e-172
-19.95 5.66956e-172
-19.94 8.4444e-172
-19.93 1.25748e-171
-19.92 1.87218e-171
-19.91 2.7868e-171
-19.9 4.14741e-171
-19.89 6.17109e-171
-19.88 9.18035e-171
-19.87 1.36543e-170
-19.86 2.03046e-170
-19.85 3.01877e-170
-19.84 4.48725e-170
-19.83 6.66873e-170
-19.82 9.90875e-170
-19.81 1.472e-169
-19.8 2.1863e-169
-19.79 3.24657e-169
-19.78 4.82006e-169
-19.77 7.15473e-169
-19.76 1.06181e-168
-19.75 1.57549e-168
-19.74 2.33719e-168
-19.73 3.46647e-168
-19.72 5.14036e-168
-19.71 7.62102e-168
-19.7 1.12965e-167
-19.69 1.67413e-167
-19.68 2.48055e-167
-19.67 3.67468e-167
-19.66 5.44257e-167
-19.65 8.05938e-167
-19.64 1.1932e-166
-19.63 1.76618e-166
-19.62 2.6138e-166
-19.61 3.86742e-166
-19.6 5.72116e-166
-19.59 8.46174e-166
-19.58 1.25126e-165
-19.57 1.84991e-165
-19.56 2.73441e-165
-19.55 4.04103e-165
-19.54 5.9708e-165
-19.53 8.82036e-165
-19.52 1.30273e-164
-19.51 1.92368e-164
-19.5 2.84005e-164
-19.49 4.1921e-164
-19.48 6.18658e-164
-19.47 9.12814e-164
-19.46 1.34656e-163
-19.45 1.98603e-163
-19.44 2.92857e-163
-19.43 4.31758e-163
-19.42 6.3641e-163
-19.41 9.3788e-163
-19.4 1.38188e-162
-19.39 2.03567e-162
-19.38 2.99816e-162
-19.37 4.41487e-162
-19.36 6.49969e-162
-19.35 9.56712e-162
-19.34 1.40793e-161
-19.33 2.07156e-161
-19.32 3.04736e-161
-19.31 4.48192e-161
-19.3 6.59049e-161
-19.29 9.68911e-161
-19.28 1.42417e-160
-19.27 2.09293e-160
-19.26 3.07511e-160
-19.25 4.51731e-160
-19.24 6.63454e-160
-19.23 9.74217e-160
-19.22 1.43025e-159
-19.21 2.09934e-159
-19.2 3.08083e-159
-19.19 4.52027e-159
-19.18 6.63092e-159
-19.17 9.72515e-159
-19.16 1.42604e-158
-19.15 2.09065e-158
-19.14 3.06438e-158
-19.13 4.49073e-158
-19.12 6.57968e-158
-19.11 9.63842e-158
-19.1 1.41163e-157
-19.09 2.06703e-157
-19.08 3.02612e-157
-19.07 4.42934e-157
-19.06 6.48194e-157
-19.05 9.48384e-157
-19.04 1.38732e-156
-19.03 2.029e-156
-19.02 2.96687e-156
-19.01 4.33741e-156
-19 6.33978e-156
-18.99 9.2647e-156
-18.98 1.35363e-155
-18.97 1.97735e-155
-18.96 2.88789e-155
-18.95 4.21687e-155
-18.94 6.15619e-155
-18.93 8.98561e-155
-18.92 1.31128e-154
-18.91 1.91318e-154
-18.9 2.79082e-154
-18.89 4.07023e-154
-18.88 5.93497e-154
-18.87 8.65231e-154
-18.86 1.26113e-153
-18.85 1.8378e-153
-18.84 2.67763e-153
-18.83 3.90046e-153
-18.82 5.6806e-153
-18.81 8.27153e-153
-18.8 1.20418e-152
-18.79 1.7527e-152
-18.78 2.55058e-152
-18.77 3.71092e-152
-18.76 5.39807e-152
-18.75 7.85069e-152
-18.74 1.14154e-151
-18.73 1.65953e-151
-18.72 2.4121e-151
-18.71 3.50523e-151
-18.7 5.09274e-151
-18.69 7.39774e-151
-18.68 1.07438e-150
-18.67 1.56003e-150
-18.66 2.26475e-150
-18.65 3.28715e-150
-18.64 4.77016e-150
-18.63 6.92083e-150
-18.62 1.00392e-149
-18.61 1.45596e-149
-18.6 2.11112e-149
-18.59 3.0605e-149
-18.58 4.43591e-149
-18.57 6.42816e-149
-18.56 9.3133e-149
-18.55 1.34907e-148
-18.54 1.95378e-148
-18.53 2.829e-148
-18.52 4.09545e-148
-18.51 5.92766e-148
-18.5 8.57785e-148
-18.49 1.24104e-147
-18.48 1.79518e-147
-18.47 2.59622e-147
-18.46 3.75395e-147
-18.45 5.42686e-147
-18.44 7.84372e-147
-18.43 1.13346e-146
-18.42 1.6376e-146
-18.41 2.36548e-146
-18.4 3.41621e-146
-18.39 4.93268e-146
-18.38 7.12088e-146
-18.37 1.02777e-145
-18.36 1.48312e-145
-18.35 2.13976e-145
-18.34 3.08652e-145
-18.33 4.45128e-145
-18.32 6.41822e-145
-18.31 9.25245e-145
-18.3 1.33356e-144
-18.29 1.92168e-144
-18.28 2.76861e-144
-18.27 3.98801e-144
-18.26 5.74332e-144
-18.25 8.26958e-144
-18.24 1.19047e-143
-18.23 1.71342e-143
-18.22 2.4656e-143
-18.21 3.54728e-143
-18.2 5.10247e-143
-18.19 7.33802e-143
-18.18 1.05509e-142
-18.17 1.51675e-142
-18.16 2.17998e-142
-18.15 3.13259e-142
-18.14 4.50056e-142
-18.13 6.46462e-142
-18.12 9.28394e-142
-18.11 1.33301e-141
-18.1 1.9136e-141
-18.09 2.7465e-141
-18.08 3.94113e-141
-18.07 5.65425e-141
-18.06 8.11041e-141
-18.05 1.16312e-140
-18.04 1.6677e-140
-18.03 2.39069e-140
-18.02 3.42644e-140
-18.01 4.90994e-140
-18 7.03431e-140
-17.99 1.00758e-139
-17.98 1.44295e-139
-17.97 2.06603e-139
-17.96 2.95756e-139
-17.95 4.23297e-139
-17.94 6.05715e-139
-17.93 8.66573e-139
-17.92 1.23952e-138
-17.91 1.77263e-138
-17.9 2.53451e-138
-17.89 3.62311e-138
-17.88 5.17826e-138
-17.87 7.39943e-138
-17.86 1.05712e-137
-17.85 1.50996e-137
-17.84 2.15636e-137
-17.83 3.07884e-137
-17.82 4.39508e-137
-17.81 6.27278e-137
-17.8 8.95088e-137
-17.79 1.27698e-136
-17.78 1.82145e-136
-17.77 2.59753e-136
-17.76 3.70356e-136
-17.75 5.27946e-136
-17.74 7.52443e-136
-17.73 1.07219e-135
-17.72 1.5275e-135
-17.71 2.17572e-135
-17.7 3.09841e-135
-17.69 4.41151e-135
-17.68 6.27985e-135
-17.67 8.93767e-135
-17.66 1.27178e-134
-17.65 1.80931e-134
-17.64 2.57351e-134
-17.63 3.65977e-134
-17.62 5.20347e-134
-17.61 7.39684e-134
-17.6 1.05126e-133
-17.59 1.49379e-133
-17.58 2.12218e-133
-17.57 3.01431e-133
-17.56 4.28061e-133
-17.55 6.07766e-133
-17.54 8.62741e-133
-17.53 1.22444e-132
-17.52 1.73743e-132
-17.51 2.46485e-132
-17.5 3.49611e-132
-17.49 4.95786e-132
-17.48 7.02937e-132
-17.47 9.9644e-132
-17.46 1.41221e-131
-17.45 2.00106e-131
-17.44 2.83488e-131
-17.43 4.01533e-131
-17.42 5.68618e-131
-17.41 8.0507e-131
-17.4 1.13962e-130
-17.39 1.61287e-130
-17.38 2.28218e-130
-17.37 3.22861e-130
-17.36 4.5666e-130
-17.35 6.45779e-130
-17.34 9.13035e-130
-17.33 1.29064e-129
-17.32 1.82404e-129
-17.31 2.57737e-129
-17.3 3.6411e-129
-17.29 5.14283e-129
-17.28 7.26246e-129
-17.27 1.02537e-128
-17.26 1.44739e-128
-17.25 2.04271e-128
-17.24 2.88231e-128
-17.23 4.06619e-128
-17.22 5.73519e-128
-17.21 8.08762e-128
-17.2 1.14027e-127
-17.19 1.60733e-127
-17.18 2.26525e-127
-17.17 3.19185e-127
-17.16 4.49655e-127
-17.15 6.33331e-127
-17.14 8.91855e-127
-17.13 1.25566e-126
-17.12 1.76751e-126
-17.11 2.4875e-126
-17.1 3.50009e-126
-17.09 4.92389e-126
-17.08 6.92548e-126
-17.07 9.73878e-126
-17.06 1.36922e-125
-17.05 1.92466e-125
-17.04 2.70487e-125
-17.03 3.80061e-125
-17.02 5.33916e-125
-17.01 7.49904e-125
-17 1.05306e-124
-16.99 1.47846e-124
-16.98 2.07531e-124
-16.97 2.91251e-124
-16.96 4.08662e-124
-16.95 5.73291e-124
-16.94 8.04079e-124
-16.93 1.12755e-123
-16.92 1.58083e-123
-16.91 2.21589e-123
-16.9 3.10544e-123
-16.89 4.35123e-123
-16.88 6.09556e-123
-16.87 8.53745e-123
-16.86 1.19552e-122
-16.85 1.67377e-122
-16.84 2.34288e-122
-16.83 3.27881e-122
-16.82 4.58771e-122
-16.81 6.41783e-122
-16.8 8.97623e-122
-16.79 1.2552e-121
-16.78 1.75487e-121
-16.77 2.45295e-121
-16.76 3.42804e-121
-16.75 4.78979e-121
-16.74 6.69113e-121
-16.73 9.34536e-121
-16.72 1.30498e-120
-16.71 1.82191e-120
-16.7 2.5431e-120
-16.69 3.54905e-120
-16.68 4.95191e-120
-16.67 6.90792e-120
-16.66 9.63462e-120
-16.65 1.34349e-119
-16.64 1.87305e-119
-16.63 2.61081e-119
-16.62 3.63843e-119
-16.61 5.06951e-119
-16.6 7.06206e-119
-16.59 9.8358e-119
-16.58 1.36962e-118
-16.57 1.9068e-118
-16.56 2.65413e-118
-16.55 3.69362e-118
-16.54 5.1392e-118
-16.53 7.14911e-118
-16.52 9.94308e-118
-16.51 1.38262e-117
-16.5 1.9222e-117
-16.49 2.67181e-117
-16.48 3.71302e-117
-16.47 5.15895e-117
-16.46 7.16652e-117
-16.45 9.95333e-117
-16.44 1.38211e-116
-16.43 1.91879e-116
-16.42 2.66334e-116
-16.41 3.69605e-116
-16.4 5.12818e-116
-16.39 7.11379e-116
-16.38 9.86624e-116
-16.37 1.36809e-115
-16.36 1.89667e-115
-16.35 2.62895e-115
-16.34 3.64322e-115
-16.33 5.04779e-115
-16.32 6.99245e-115
-16.31 9.68437e-115
-16.3 1.34099e-114
-16.29 1.8565e-114
-16.28 2.56965e-114
-16.27 3.55605e-114
-16.26 4.92011e-114
-16.25 6.80604e-114
-16.24 9.41298e-114
-16.23 1.30158e-113
-16.22 1.79941e-113
-16.21 2.48715e-113
-16.2 3.43706e-113
-16.19 4.74881e-113
-16.18 6.55987e-113
-16.17 9.0598e-113
-16.16 1.25099e-112
-16.15 1.72705e-112
-16.14 2.38378e-112
-16.13 3.28959e-112
-16.12 4.53869e-112
-16.11 6.26082e-112
-16.1 8.63467e-112
-16.09 1.19062e-111
-16.08 1.6414e-111
-16.07 2.26238e-111
-16.06 3.11769e-111
-16.05 4.29548e-111
-16.04 5.91703e-111
-16.03 8.14908e-111
-16.02 1.12209e-110
-16.01 1.54475e-110
-16 2.12619e-110
-15.99 2.9259e-110
-15.98 4.02558e-110
-15.97 5.53747e-110
-15.96 7.61566e-110
-15.95 1.04717e-109
-15.94 1.43959e-109
-15.93 1.97867e-109
-15.92 2.71907e-109
-15.91 3.73578e-109
-15.9 5.13163e-109
-15.89 7.04761e-109
-15.88 9.67702e-109
-15.87 1.32848e-108
-15.86 1.82339e-108
-15.85 2.50218e-108
-15.84 3.43297e-108
-15.83 4.70906e-108
-15.82 6.45821e-108
-15.81 8.85528e-108
-15.8 1.21396e-107
-15.79 1.66388e-107
-15.78 2.28009e-107
-15.77 3.12388e-107
-15.76 4.27907e-107
-15.75 5.86027e-107
-15.74 8.02414e-107
-15.73 1.09848e-106
-15.72 1.50349e-106
-15.71 2.05741e-106
-15.7 2.81484e-106
-15.69 3.85034e-106
-15.68 5.26573e-106
-15.67 7.19997e-106
-15.66 9.84273e-106
-15.65 1.34528e-105
-15.64 1.83833e-105
-15.63 2.51159e-105
-15.62 3.43072e-105
-15.61 4.68527e-105
-15.6 6.39731e-105
-15.59 8.73319e-105
-15.58 1.19196e-104
-15.57 1.62653e-104
-15.56 2.21911e-104
-15.55 3.02695e-104
-15.54 4.12806e-104
-15.53 5.62859e-104
-15.52 7.67301e-104
-15.51 1.04579e-103
-15.5 1.42508e-103
-15.49 1.94153e-103
-15.48 2.64461e-103
-15.47 3.60158e-103
-15.46 4.90385e-103
-15.45 6.67566e-103
-15.44 9.08582e-103
-15.43 1.23637e-102
-15.42 1.68207e-102
-15.41 2.28798e-102
-15.4 3.11153e-102
-15.39 4.23067e-102
-15.38 5.75118e-102
-15.37 7.8166e-102
-15.36 1.06216e-101
-15.35 1.44304e-101
-15.34 1.9601e-101
-15.33 2.6619e-101
-15.32 3.61424e-101
-15.31 4.90631e-101
-15.3 6.65897e-101
-15.29 9.0359e-101
-15.28 1.22588e-100
-15.27 1.6628e-100
-15.26 2.25498e-100
-15.25 3.05745e-100
-15.24 4.14466e-100
-15.23 5.61734e-100
-15.22 7.61178e-100
-15.21 1.03123e-99
-15.2 1.3968e-99
-15.19 1.8916e-99
-15.18 2.56116e-99
-15.17 3.46702e-99
-15.16 4.69234e-99
-15.15 6.34944e-99
-15.14 8.59002e-99
-15.13 1.16189e-98
-15.12 1.57127e-98
-15.11 2.12446e-98
-15.1 2.87183e-98
-15.09 3.88135e-98
-15.08 5.24468e-98
-15.07 7.08547e-98
-15.06 9.57042e-98
-15.05 1.29243e-97
-15.04 1.745e-97
-15.03 2.35557e-97
-15.02 3.17915e-97
-15.01 4.28981e-97
-15 5.78733e-97
-14.99 7.80604e-97
-14.98 1.05268e-96
-14.97 1.41931e-96
-14.96 1.91323e-96
-14.95 2.57853e-96
-14.94 3.47449e-96
-14.93 4.68082e-96
-14.92 6.30471e-96
-14.91 8.49028e-96
-14.9 1.14312e-95
-14.89 1.53877e-95
-14.88 2.07095e-95
-14.87 2.78662e-95
-14.86 3.74887e-95
-14.85 5.04236e-95
-14.84 6.78081e-95
-14.83 9.11679e-95
-14.82 1.2255e-94
-14.81 1.64703e-94
-14.8 2.2131e-94
-14.79 2.97312e-94
-14.78 3.99335e-94
-14.77 5.3626e-94
-14.76 7.1999e-94
-14.75 9.66474e-94
-14.74 1.29708e-93
-14.73 1.74043e-93
-14.72 2.33485e-93
-14.71 3.13166e-93
-14.7 4.19956e-93
-14.69 5.63047e-93
-14.68 7.54743e-93
-14.67 1.0115e-92
-14.66 1.35534e-92
-14.65 1.81568e-92
-14.64 2.4319e-92
-14.63 3.25661e-92
-14.62 4.36011e-92
-14.61 5.83637e-92
-14.6 7.81089e-92
-14.59 1.04513e-91
-14.58 1.39815e-91
-14.57 1.87004e-91
-14.56 2.5007e-91
-14.55 3.34337e-91
-14.54 4.4691e-91
-14.53 5.97267e-91
-14.52 7.9805e-91
-14.51 1.06612e-90
-14.5 1.42394e-90
-14.49 1.90148e-90
-14.48 2.53866e-90
-14.47 3.38868e-90
-14.46 4.52241e-90
-14.45 6.03423e-90
-14.44 8.04984e-90
-14.43 1.07366e-89
-14.42 1.43171e-89
-14.41 1.9088e-89
-14.4 2.54435e-89
-14.39 3.39083e-89
-14.38 4.51802e-89
-14.37 6.01872e-89
-14.36 8.01627e-89
-14.35 1.06746e-88
-14.34 1.42118e-88
-14.33 1.89171e-88
-14.32 2.51753e-88
-14.31 3.34972e-88
-14.3 4.45609e-88
-14.29 5.9267e-88
-14.28 7.88106e-88
-14.27 1.04778e-87
-14.26 1.39273e-87
-14.25 1.85088e-87
-14.24 2.45924e-87
-14.23 3.26692e-87
-14.22 4.33898e-87
-14.21 5.76169e-87
-14.2 7.64936e-87
-14.19 1.01534e-86
-14.18 1.34746e-86
-14.17 1.78784e-86
-14.16 2.37168e-86
-14.15 3.14554e-86
-14.14 4.17108e-86
-14.13 5.52986e-86
-14.12 7.32981e-86
-14.11 9.71369e-86
-14.1 1.28703e-85
-14.09 1.70493e-85
-14.08 2.25807e-85
-14.07 2.99006e-85
-14.06 3.95855e-85
-14.05 5.23969e-85
-14.04 6.93406e-85
-14.03 9.1745e-85
-14.02 1.21364e-84
-14.01 1.60513e-84
-14 2.12249e-84
-13.99 2.80603e-84
-13.98 3.70895e-84
-13.97 4.90144e-84
-13.96 6.47603e-84
-13.95 8.55475e-84
-13.94 1.12984e-83
-13.93 1.49191e-83
-13.92 1.96961e-83
-13.91 2.59974e-83
-13.9 3.43078e-83
-13.89 4.52657e-83
-13.88 5.97115e-83
-13.87 7.87516e-83
-13.86 1.03842e-82
-13.85 1.36899e-82
-13.84 1.80444e-82
-13.83 2.37791e-82
-13.82 3.13301e-82
-13.81 4.12706e-82
-13.8 5.43542e-82
-13.79 7.15712e-82
-13.78 9.42228e-82
-13.77 1.24019e-81
-13.76 1.63204e-81
-13.75 2.14727e-81
-13.74 2.8246e-81
-13.73 3.71483e-81
-13.72 4.88467e-81
-13.71 6.4216e-81
-13.7 8.44043e-81
-13.69 1.10917e-80
-13.68 1.45729e-80
-13.67 1.91428e-80
-13.66 2.51408e-80
-13.65 3.30114e-80
-13.64 4.33374e-80
-13.63 5.6882e-80
-13.62 7.46447e-80
-13.61 9.79347e-80
-13.6 1.28466e-79
-13.59 1.68481e-79
-13.58 2.20916e-79
-13.57 2.89611e-79
-13.56 3.79592e-79
-13.55 4.9743e-79
-13.54 6.51719e-79
-13.53 8.53691e-79
-13.52 1.11803e-78
-13.51 1.46393e-78
-13.5 1.91646e-78
-13.49 2.50838e-78
-13.48 3.28245e-78
-13.47 4.29453e-78
-13.46 5.61755e-78
-13.45 7.34668e-78
-13.44 9.60611e-78
-13.43 1.25579e-77
-13.42 1.64135e-77
-13.41 2.14484e-77
-13.4 2.80223e-77
-13.39 3.66037e-77
-13.38 4.78035e-77
-13.37 6.24175e-77
-13.36 8.14829e-77
-13.35 1.06351e-76
-13.34 1.3878e-76
-13.33 1.81061e-76
-13.32 2.36176e-76
-13.31 3.08007e-76
-13.3 4.01604e-76
-13.29 5.23538e-76
-13.28 6.82356e-76
-13.27 8.89175e-76
-13.26 1.15845e-75
-13.25 1.50896e-75
-13.24 1.96514e-75
-13.23 2.55871e-75
-13.22 3.3309e-75
-13.21 4.33526e-75
-13.2 5.64133e-75
-13.19 7.3394e-75
-13.18 9.54669e-75
-13.17 1.24153e-74
-13.16 1.61427e-74
-13.15 2.09849e-74
-13.14 2.72741e-74
-13.13 3.54411e-74
-13.12 4.60444e-74
-13.11 5.98079e-74
-13.1 7.76701e-74
-13.09 1.00847e-73
-13.08 1.30913e-73
-13.07 1.69909e-73
-13.06 2.20477e-73
-13.05 2.86038e-73
-13.04 3.71019e-73
-13.03 4.81152e-73
-13.02 6.2385e-73
-13.01 8.08708e-73
-13 1.04813e-72
-12.99 1.35817e-72
-12.98 1.75956e-72
-12.97 2.27911e-72
-12.96 2.95149e-72
-12.95 3.82147e-72
-12.94 4.94688e-72
-12.93 6.40244e-72
-12.92 8.28463e-72
-12.91 1.0718e-71
-12.9 1.38633e-71
-12.89 1.7928e-71
-12.88 2.31799e-71
-12.87 2.99642e-71
-12.86 3.87264e-71
-12.85 5.00408e-71
-12.84 6.46479e-71
-12.83 8.35022e-71
-12.82 1.07834e-70
-12.81 1.39227e-70
-12.8 1.79723e-70
-12.79 2.31953e-70
-12.78 2.993e-70
-12.77 3.86124e-70
-12.76 4.98036e-70
-12.75 6.42254e-70
-12.74 8.28068e-70
-12.73 1.06743e-69
-12.72 1.3757e-69
-12.71 1.77264e-69
-12.7 2.28366e-69
-12.69 2.9414e-69
-12.68 3.78783e-69
-12.67 4.87685e-69
-12.66 6.27772e-69
-12.65 8.07936e-69
-12.64 1.0396e-68
-12.63 1.33741e-68
-12.62 1.7202e-68
-12.61 2.2121e-68
-12.6 2.8441e-68
-12.59 3.65592e-68
-12.58 4.69853e-68
-12.57 6.03725e-68
-12.56 7.75587e-68
-12.55 9.96171e-68
-12.54 1.27924e-67
-12.53 1.6424e-67
-12.52 2.10825e-67
-12.51 2.70568e-67
-12.5 3.47172e-67
-12.49 4.45375e-67
-12.48 5.71241e-67
-12.47 7.32531e-67
-12.46 9.39172e-67
-12.45 1.20386e-66
-12.44 1.54285e-66
-12.43 1.97688e-66
-12.42 2.53251e-66
-12.41 3.24366e-66
-12.4 4.15367e-66
-12.39 5.31791e-66
-12.38 6.80712e-66
-12.37 8.71162e-66
-12.36 1.11467e-65
-12.35 1.42596e-65
-12.34 1.82382e-65
-12.33 2.33221e-65
-12.32 2.98172e-65
-12.31 3.81136e-65
-12.3 4.87085e-65
-12.29 6.22362e-65
-12.28 7.95049e-65
-12.27 1.01545e-64
-12.26 1.29668e-64
-12.25 1.65548e-64
-12.24 2.11313e-64
-12.23 2.69675e-64
-12.22 3.44087e-64
-12.21 4.38944e-64
-12.2 5.59839e-64
-12.19 7.13888e-64
-12.18 9.10142e-64
-12.17 1.16012e-63
-12.16 1.47845e-63
-12.15 1.88375e-63
-12.14 2.39969e-63
-12.13 3.05632e-63
-12.12 3.89184e-63
-12.11 4.95478e-63
-12.1 6.30677e-63
-12.09 8.02605e-63
-12.08 1.0212e-62
-12.07 1.29906e-62
-12.06 1.6522e-62
-12.05 2.10092e-62
-12.04 2.67097e-62
-12.03 3.39501e-62
-12.02 4.31446e-62
-12.01 5.48181e-62
-12 6.96362e-62
-11.99 8.8442e-62
-11.98 1.12304e-61
-11.97 1.42575e-61
-11.96 1.8097e-61
-11.95 2.29657e-61
-11.94 2.91386e-61
-11.93 3.69631e-61
-11.92 4.68794e-61
-11.91 5.9444e-61
-11.9 7.53611e-61
-11.89 9.5521e-61
-11.88 1.2105e-60
-11.87 1.5337e-60
-11.86 1.94282e-60
-11.85 2.46056e-60
-11.84 3.11566e-60
-11.83 3.94439e-60
-11.82 4.99254e-60
-11.81 6.31794e-60
-11.8 7.99361e-60
-11.79 1.01117e-59
-11.78 1.27884e-59
-11.77 1.61704e-59
-11.76 2.04428e-59
-11.75 2.58388e-59
-11.74 3.26525e-59
-11.73 4.12547e-59
-11.72 5.21127e-59
-11.71 6.58152e-59
-11.7 8.3104e-59
-11.69 1.04913e-58
-11.68 1.32419e-58
-11.67 1.67104e-58
-11.66 2.1083e-58
-11.65 2.65945e-58
-11.64 3.35401e-58
-11.63 4.22912e-58
-11.62 5.33149e-58
-11.61 6.71985e-58
-11.6 8.46805e-58
-11.59 1.06689e-57
-11.58 1.34391e-57
-11.57 1.69251e-57
-11.56 2.13111e-57
-11.55 2.68284e-57
-11.54 3.37672e-57
-11.53 4.24922e-57
-11.52 5.34608e-57
-11.51 6.72473e-57
-11.5 8.4572e-57
-11.49 1.06339e-56
-11.48 1.33681e-56
-11.47 1.68019e-56
-11.46 2.11136e-56
-11.45 2.65264e-56
-11.44 3.33202e-56
-11.43 4.18456e-56
-11.42 5.25417e-56
-11.41 6.59586e-56
-11.4 8.2785e-56
-11.39 1.03883e-55
-11.38 1.30332e-55
-11.37 1.63482e-55
-11.36 2.05022e-55
-11.35 2.57066e-55
-11.34 3.22256e-55
-11.33 4.03897e-55
-11.32 5.0612e-55
-11.31 6.34087e-55
-11.3 7.9425e-55
-11.29 9.94668e-55
-11.28 1.24541e-54
-11.27 1.55904e-54
-11.26 1.95127e-54
-11.25 2.44169e-54
-11.24 3.05475e-54
-11.23 3.82096e-54
-11.22 4.77841e-54
-11.21 5.97457e-54
-11.2 7.46867e-54
-11.19 9.33452e-54
-11.18 1.16642e-53
-11.17 1.45723e-53
-11.16 1.82019e-53
-11.15 2.27309e-53
-11.14 2.83811e-53
-11.13 3.54286e-53
-11.12 4.42174e-53
-11.11 5.51753e-53
-11.1 6.88349e-53
-11.09 8.58589e-53
-11.08 1.07072e-52
-11.07 1.33499e-52
-11.06 1.66415e-52
-11.05 2.07406e-52
-11.04 2.58441e-52
-11.03 3.2197e-52
-11.02 4.01035e-52
-11.01 4.99414e-52
-11 6.21803e-52
-10.99 7.7403e-52
-10.98 9.63331e-52
-10.97 1.19869e-51
-10.96 1.49124e-51
-10.95 1.85483e-51
-10.94 2.30661e-51
-10.93 2.86784e-51
-10.92 3.56491e-51
-10.91 4.43053e-51
-10.9 5.50524e-51
-10.89 6.83925e-51
-10.88 8.49481e-51
-10.87 1.0549e-50
-10.86 1.30973e-50
-10.85 1.6258e-50
-10.84 2.01773e-50
-10.83 2.50364e-50
-10.82 3.10595e-50
-10.81 3.85238e-50
-10.8 4.77723e-50
-10.79 5.92293e-50
-10.78 7.34192e-50
-10.77 9.09904e-50
-10.76 1.12744e-49
-10.75 1.39671e-49
-10.74 1.72994e-49
-10.73 2.14223e-49
-10.72 2.65226e-49
-10.71 3.28306e-49
-10.7 4.06307e-49
-10.69 5.02738e-49
-10.68 6.21932e-49
-10.67 7.6923e-49
-10.66 9.51224e-49
-10.65 1.17604e-48
-10.64 1.4537e-48
-10.63 1.79654e-48
-10.62 2.21981e-48
-10.61 2.74224e-48
-10.6 3.38694e-48
-10.59 4.18238e-48
-10.58 5.16359e-48
-10.57 6.37372e-48
-10.56 7.86587e-48
-10.55 9.7054e-48
-10.54 1.19727e-47
-10.53 1.47667e-47
-10.52 1.82092e-47
-10.51 2.24495e-47
-10.5 2.76718e-47
-10.49 3.41021e-47
-10.48 4.20181e-47
-10.47 5.17613e-47
-10.46 6.37509e-47
-10.45 7.8502e-47
-10.44 9.66468e-47
-10.43 1.18962e-46
-10.42 1.46399e-46
-10.41 1.80129e-46
-10.4 2.21586e-46
-10.39 2.72529e-46
-10.38 3.35116e-46
-10.37 4.11995e-46
-10.36 5.06408e-46
-10.35 6.22332e-46
-10.34 7.64639e-46
-10.33 9.39298e-46
-10.32 1.15362e-45
-10.31 1.41656e-45
-10.3 1.73908e-45
-10.29 2.13461e-45
-10.28 2.61956e-45
-10.27 3.21405e-45
-10.26 3.94265e-45
-10.25 4.83545e-45
-10.24 5.92924e-45
-10.23 7.26897e-45
-10.22 8.90964e-45
-10.21 1.09184e-44
-10.2 1.33774e-44
-10.19 1.63869e-44
-10.18 2.00694e-44
-10.17 2.45746e-44
-10.16 3.0085e-44
-10.15 3.68235e-44
-10.14 4.50624e-44
-10.13 5.51335e-44
-10.12 6.74419e-44
-10.11 8.24816e-44
-10.1 1.00855e-43
-10.09 1.23296e-43
-10.08 1.507e-43
-10.07 1.84159e-43
-10.06 2.25e-43
-10.05 2.74844e-43
-10.04 3.35662e-43
-10.03 4.09855e-43
-10.02 5.00347e-43
-10.01 6.10697e-43
-10 7.45234e-43
-9.99 9.09227e-43
-9.98 1.10908e-42
-9.97 1.3526e-42
-9.96 1.64925e-42
-9.95 2.01056e-42
-9.94 2.45053e-42
-9.93 2.98618e-42
-9.92 3.63818e-42
-9.91 4.43165e-42
-9.9 5.39709e-42
-9.89 6.57152e-42
-9.88 7.99991e-42
-9.87 9.73682e-42
-9.86 1.18485e-41
-9.85 1.44151e-41
-9.84 1.75343e-41
-9.83 2.13242e-41
-9.82 2.59279e-41
-9.81 3.15192e-41
-9.8 3.83086e-41
-9.79 4.65511e-41
-9.78 5.65556e-41
-9.77 6.86965e-41
-9.76 8.34269e-41
-9.75 1.01296e-40
-9.74 1.22967e-40
-9.73 1.49244e-40
-9.72 1.811e-40
-9.71 2.19712e-40
-9.7 2.66503e-40
-9.69 3.23193e-40
-9.68 3.91864e-40
-9.67 4.7503e-40
-9.66 5.75731e-40
-9.65 6.97639e-40
-9.64 8.4519e-40
-9.63 1.02374e-39
-9.62 1.23977e-39
-9.61 1.50107e-39
-9.6 1.81709e-39
-9.59 2.19919e-39
-9.58 2.66111e-39
-9.57 3.2194e-39
-9.56 3.89404e-39
-9.55 4.7091e-39
-9.54 5.69362e-39
-9.53 6.88259e-39
-9.52 8.31816e-39
-9.51 1.00512e-38
-9.5 1.21427e-38
-9.49 1.46666e-38
-9.48 1.77116e-38
-9.47 2.13844e-38
-9.46 2.58136e-38
-9.45 3.11539e-38
-9.44 3.75915e-38
-9.43 4.53502e-38
-9.42 5.46992e-38
-9.41 6.59624e-38
-9.4 7.95287e-38
-9.39 9.58659e-38
-9.38 1.15536e-37
-9.37 1.39214e-37
-9.36 1.67711e-37
-9.35 2.02e-37
-9.34 2.43252e-37
-9.33 2.92868e-37
-9.32 3.52534e-37
-9.31 4.2427e-37
-9.3 5.10501e-37
-9.29 6.14134e-37
-9.28 7.38656e-37
-9.27 8.88249e-37
-9.26 1.06792e-36
-9.25 1.28368e-36
-9.24 1.54272e-36
-9.23 1.85366e-36
-9.22 2.22682e-36
-9.21 2.67456e-36
-9.2 3.21168e-36
-9.19 3.8559e-36
-9.18 4.62841e-36
-9.17 5.55456e-36
-9.16 6.6647e-36
-9.15 7.99511e-36
-9.14 9.58916e-36
-9.13 1.14987e-35
-9.12 1.37858e-35
-9.11 1.65244e-35
-9.1 1.9803e-35
-9.09 2.37275e-35
-9.08 2.84239e-35
-9.07 3.4043e-35
-9.06 4.07648e-35
-9.05 4.88039e-35
-9.04 5.84167e-35
-9.03 6.99088e-35
-9.02 8.3645e-35
-9.01 1.0006e-34
-9 1.19672e-34
-8.99 1.431e-34
-8.98 1.71079e-34
-8.97 2.04488e-34
-8.96 2.44371e-34
-8.95 2.91975e-34
-8.94 3.48782e-34
-8.93 4.16558e-34
-8.92 4.97404e-34
-8.91 5.93821e-34
-8.9 7.08785e-34
-8.89 8.45836e-34
-8.88 1.00918e-33
-8.87 1.20383e-33
-8.86 1.43574e-33
-8.85 1.71198e-33
-8.84 2.04095e-33
-8.83 2.43265e-33
-8.82 2.89894e-33
-8.81 3.45391e-33
-8.8 4.1143e-33
-8.79 4.89996e-33
-8.78 5.83449e-33
-8.77 6.94585e-33
-8.76 8.26724e-33
-8.75 9.83803e-33
-8.74 1.17049e-32
-8.73 1.39233e-32
-8.72 1.65587e-32
-8.71 1.9689e-32
-8.7 2.34064e-32
-8.69 2.78201e-32
-8.68 3.30593e-32
-8.67 3.92773e-32
-8.66 4.66555e-32
-8.65 5.54084e-32
-8.64 6.57903e-32
-8.63 7.81017e-32
-8.62 9.26982e-32
-8.61 1.10001e-31
-8.6 1.30506e-31
-8.59 1.54803e-31
-8.58 1.83587e-31
-8.57 2.17678e-31
-8.56 2.58048e-31
-8.55 3.05844e-31
-8.54 3.62419e-31
-8.53 4.29374e-31
-8.52 5.08595e-31
-8.51 6.02311e-31
-8.5 7.13153e-31
-8.49 8.44222e-31
-8.48 9.9918e-31
-8.47 1.18234e-30
-8.46 1.3988e-30
-8.45 1.65455e-30
-8.44 1.95666e-30
-8.43 2.31348e-30
-8.42 2.73481e-30
-8.41 3.23222e-30
-8.4 3.81934e-30
-8.39 4.5122e-30
-8.38 5.32967e-30
-8.37 6.29397e-30
-8.36 7.43125e-30
-8.35 8.77226e-30
-8.34 1.03532e-29
-8.33 1.22165e-29
-8.32 1.44124e-29
-8.31 1.69994e-29
-8.3 2.00469e-29
-8.29 2.36359e-29
-8.28 2.78618e-29
-8.27 3.28366e-29
-8.26 3.8692e-29
-8.25 4.55822e-29
-8.24 5.36887e-29
-8.23 6.32241e-29
-8.22 7.4438e-29
-8.21 8.76233e-29
-8.2 1.03123e-28
-8.19 1.21341e-28
-8.18 1.42748e-28
-8.17 1.67897e-28
-8.16 1.97438e-28
-8.15 2.3213e-28
-8.14 2.72862e-28
-8.13 3.20677e-28
-8.12 3.76794e-28
-8.11 4.42643e-28
-8.1 5.19896e-28
-8.09 6.10507e-28
-8.08 7.16767e-28
-8.07 8.41351e-28
-8.06 9.87392e-28
-8.05 1.15855e-27
-8.04 1.3591e-27
-8.03 1.59404e-27
-8.02 1.86923e-27
-8.01 2.19148e-27
-8 2.56876e-27
-7.99 3.01039e-27
-7.98 3.52724e-27
-7.97 4.13199e-27
-7.96 4.83945e-27
-7.95 5.66689e-27
-7.94 6.63447e-27
-7.93 7.7657e-27
-7.92 9.08797e-27
-7.91 1.06332e-26
-7.9 1.24388e-26
-7.89 1.45479e-26
-7.88 1.70113e-26
-7.87 1.98878e-26
-7.86 2.3246e-26
-7.85 2.71657e-26
-7.84 3.174e-26
-7.83 3.70771e-26
-7.82 4.33029e-26
-7.81 5.05638e-26
-7.8 5.90304e-26
-7.79 6.89008e-26
-7.78 8.04053e-26
-7.77 9.38119e-26
-7.76 1.09432e-25
-7.75 1.27627e-25
-7.74 1.48817e-25
-7.73 1.7349e-25
-7.72 2.02213e-25
-7.71 2.35644e-25
-7.7 2.74547e-25
-7.69 3.19808e-25
-7.68 3.72456e-25
-7.67 4.33682e-25
-7.66 5.04872e-25
-7.65 5.87629e-25
-7.64 6.83814e-25
-7.63 7.95582e-25
-7.62 9.25431e-25
-7.61 1.07626e-24
-7.6 1.25141e-24
-7.59 1.45478e-24
-7.58 1.69085e-24
-7.57 1.96483e-24
-7.56 2.28276e-24
-7.55 2.65159e-24
-7.54 3.07938e-24
-7.53 3.57548e-24
-7.52 4.15067e-24
-7.51 4.81741e-24
-7.5 5.59012e-24
-7.49 6.48547e-24
-7.48 7.5227e-24
-7.47 8.72406e-24
-7.46 1.01152e-23
-7.45 1.17259e-23
-7.44 1.35903e-23
-7.43 1.57479e-23
-7.42 1.82444e-23
-7.41 2.11324e-23
-7.4 2.44726e-23
-7.39 2.8335e-23
-7.38 3.28004e-23
-7.37 3.79619e-23
-7.36 4.39267e-23
-7.35 5.08185e-23
-7.34 5.87797e-23
-7.33 6.79744e-23
-7.32 7.85915e-23
-7.31 9.08486e-23
-7.3 1.04996e-22
-7.29 1.21322e-22
-7.28 1.40159e-22
-7.27 1.61887e-22
-7.26 1.86946e-22
-7.25 2.1584e-22
-7.24 2.4915e-22
-7.23 2.87542e-22
-7.22 3.31784e-22
-7.21 3.82755e-22
-7.2 4.41468e-22
-7.19 5.09084e-22
-7.18 5.86938e-22
-7.17 6.76561e-22
-7.16 7.79712e-22
-7.15 8.98408e-22
-7.14 1.03496e-21
-7.13 1.19204e-21
-7.12 1.37267e-21
-7.11 1.58036e-21
-7.1 1.8191e-21
-7.09 2.09348e-21
-7.08 2.40877e-21
-7.07 2.77097e-21
-7.06 3.187e-21
-7.05 3.66475e-21
-7.04 4.21327e-21
-7.03 4.84291e-21
-7.02 5.56552e-21
-7.01 6.39465e-21
-7 7.34582e-21
-6.99 8.43677e-21
-6.98 9.68779e-21
-6.97 1.11221e-20
-6.96 1.27661e-20
-6.95 1.46502e-20
-6.94 1.68089e-20
-6.93 1.92819e-20
-6.92 2.21142e-20
-6.91 2.53574e-20
-6.9 2.90704e-20
-6.89 3.33203e-20
-6.88 3.81838e-20
-6.87 4.37484e-20
-6.86 5.01138e-20
-6.85 5.73938e-20
-6.84 6.5718e-20
-6.83 7.52343e-20
-6.82 8.61112e-20
-6.81 9.85407e-20
-6.8 1.12742e-19
-6.79 1.28963e-19
-6.78 1.47488e-19
-6.77 1.68641e-19
-6.76 1.92788e-19
-6.75 2.20348e-19
-6.74 2.51797e-19
-6.73 2.87676e-19
-6.72 3.28602e-19
-6.71 3.75273e-19
-6.7 4.28487e-19
-6.69 4.89148e-19
-6.68 5.58283e-19
-6.67 6.37062e-19
-6.66 7.26809e-19
-6.65 8.29032e-19
-6.64 9.45441e-19
-6.63 1.07798e-18
-6.62 1.22885e-18
-6.61 1.40055e-18
-6.6 1.59591e-18
-6.59 1.81816e-18
-6.58 2.07095e-18
-6.57 2.3584e-18
-6.56 2.68521e-18
-6.55 3.05668e-18
-6.54 3.47884e-18
-6.53 3.95851e-18
-6.52 4.5034e-18
-6.51 5.12226e-18
-6.5 5.82498e-18
-6.49 6.62277e-18
-6.48 7.52831e-18
-6.47 8.55592e-18
-6.46 9.72184e-18
-6.45 1.10444e-17
-6.44 1.25443e-17
-6.43 1.42451e-17
-6.42 1.61732e-17
-6.41 1.83585e-17
-6.4 2.08349e-17
-6.39 2.36406e-17
-6.38 2.68186e-17
-6.37 3.04177e-17
-6.36 3.44929e-17
-6.35 3.9106e-17
-6.34 4.43272e-17
-6.33 5.02353e-17
-6.32 5.69193e-17
-6.31 6.44796e-17
-6.3 7.30293e-17
-6.29 8.26959e-17
-6.28 9.36231e-17
-6.27 1.05973e-16
-6.26 1.19927e-16
-6.25 1.35691e-16
-6.24 1.53497e-16
-6.23 1.73603e-16
-6.22 1.96304e-16
-6.21 2.21928e-16
-6.2 2.50846e-16
-6.19 2.83475e-16
-6.18 3.20283e-16
-6.17 3.61797e-16
-6.16 4.08609e-16
-6.15 4.61385e-16
-6.14 5.20871e-16
-6.13 5.87908e-16
-6.12 6.63439e-16
-6.11 7.48521e-16
-6.1 8.44343e-16
-6.09 9.52239e-16
-6.08 1.07371e-15
-6.07 1.21042e-15
-6.06 1.36427e-15
-6.05 1.53735e-15
-6.04 1.73205e-15
-6.03 1.95101e-15
-6.02 2.1972e-15
-6.01 2.47396e-15
-6 2.78502e-15
-5.99 3.13455e-15
-5.98 3.52722e-15
-5.97 3.96829e-15
-5.96 4.46361e-15
-5.95 5.01973e-15
-5.94 5.64399e-15
-5.93 6.34461e-15
-5.92 7.13074e-15
-5.91 8.01266e-15
-5.9 9.00183e-15
-5.89 1.01111e-14
-5.88 1.13547e-14
-5.87 1.27486e-14
-5.86 1.43108e-14
-5.85 1.60612e-14
-5.84 1.8022e-14
-5.83 2.02181e-14
-5.82 2.26772e-14
-5.81 2.54302e-14
-5.8 2.85117e-14
-5.79 3.196e-14
-5.78 3.58182e-14
-5.77 4.01339e-14
-5.76 4.49605e-14
-5.75 5.03574e-14
-5.74 5.63906e-14
-5.73 6.31339e-14
-5.72 7.06691e-14
-5.71 7.90877e-14
-5.7 8.84912e-14
-5.69 9.89926e-14
-5.68 1.10718e-13
-5.67 1.23807e-13
-5.66 1.38414e-13
-5.65 1.54715e-13
-5.64 1.72899e-13
-5.63 1.93182e-13
-5.62 2.158e-13
-5.61 2.41018e-13
-5.6 2.69127e-13
-5.59 3.00454e-13
-5.58 3.35359e-13
-5.57 3.74244e-13
-5.56 4.17552e-13
-5.55 4.65777e-13
-5.54 5.19466e-13
-5.53 5.79226e-13
-5.52 6.4573e-13
-5.51 7.19722e-13
-5.5 8.02031e-13
-5.49 8.93571e-13
-5.48 9.95356e-13
-5.47 1.10851e-12
-5.46 1.23428e-12
-5.45 1.37403e-12
-5.44 1.5293e-12
-5.43 1.70177e-12
-5.42 1.89331e-12
-5.41 2.10597e-12
-5.4 2.34205e-12
-5.39 2.60405e-12
-5.38 2.89478e-12
-5.37 3.21732e-12
-5.36 3.57506e-12
-5.35 3.97178e-12
-5.34 4.41161e-12
-5.33 4.89916e-12
-5.32 5.43949e-12
-5.31 6.03817e-12
-5.3 6.70139e-12
-5.29 7.43594e-12
-5.28 8.24932e-12
-5.27 9.14981e-12
-5.26 1.01465e-11
-5.25 1.12495e-11
-5.24 1.24699e-11
-5.23 1.38199e-11
-5.22 1.53128e-11
-5.21 1.69636e-11
-5.2 1.87886e-11
-5.19 2.08056e-11
-5.18 2.30345e-11
-5.17 2.54969e-11
-5.16 2.82169e-11
-5.15 3.12206e-11
-5.14 3.45371e-11
-5.13 3.8198e-11
-5.12 4.22385e-11
-5.11 4.66967e-11
-5.1 5.16151e-11
-5.09 5.70398e-11
-5.08 6.30218e-11
-5.07 6.9617e-11
-5.06 7.68867e-11
-5.05 8.48982e-11
-5.04 9.37254e-11
-5.03 1.03449e-10
-5.02 1.14159e-10
-5.01 1.25951e-10
-5 1.38933e-10
-4.99 1.53222e-10
-4.98 1.68947e-10
-4.97 1.86247e-10
-4.96 2.05276e-10
-4.95 2.26204e-10
-4.94 2.49214e-10
-4.93 2.74509e-10
-4.92 3.0231e-10
-4.91 3.32858e-10
-4.9 3.66418e-10
-4.89 4.0328e-10
-4.88 4.43759e-10
-4.87 4.88202e-10
-4.86 5.36986e-10
-4.85 5.90524e-10
-4.84 6.49268e-10
-4.83 7.13709e-10
-4.82 7.84386e-10
-4.81 8.61886e-10
-4.8 9.46849e-10
-4.79 1.03998e-09
-4.78 1.14203e-09
-4.77 1.25384e-09
-4.76 1.37632e-09
-4.75 1.51045e-09
-4.74 1.65731e-09
-4.73 1.81808e-09
-4.72 1.99404e-09
-4.71 2.18659e-09
-4.7 2.39723e-09
-4.69 2.62763e-09
-4.68 2.87959e-09
-4.67 3.15506e-09
-4.66 3.45617e-09
-4.65 3.78525e-09
-4.64 4.14481e-09
-4.63 4.5376e-09
-4.62 4.9666e-09
-4.61 5.43504e-09
-4.6 5.94645e-09
-4.59 6.50464e-09
-4.58 7.11378e-09
-4.57 7.77837e-09
-4.56 8.5033e-09
-4.55 9.29389e-09
-4.54 1.01559e-08
-4.53 1.10956e-08
-4.52 1.21198e-08
-4.51 1.32357e-08
-4.5 1.44515e-08
-4.49 1.57757e-08
-4.48 1.72178e-08
-4.47 1.87878e-08
-4.46 2.04967e-08
-4.45 2.23565e-08
-4.44 2.43801e-08
-4.43 2.65814e-08
-4.42 2.89755e-08
-4.41 3.15787e-08
-4.4 3.44088e-08
-4.39 3.74848e-08
-4.38 4.08274e-08
-4.37 4.4459e-08
-4.36 4.84036e-08
-4.35 5.26874e-08
-4.34 5.73386e-08
-4.33 6.23875e-08
-4.32 6.78671e-08
-4.31 7.38128e-08
-4.3 8.0263e-08
-4.29 8.72588e-08
-4.28 9.48449e-08
-4.27 1.03069e-07
-4.26 1.11984e-07
-4.25 1.21645e-07
-4.24 1.32112e-07
-4.23 1.4345e-07
-4.22 1.55729e-07
-4.21 1.69024e-07
-4.2 1.83417e-07
-4.19 1.98995e-07
-4.18 2.15851e-07
-4.17 2.34087e-07
-4.16 2.53811e-07
-4.15 2.7514e-07
-4.14 2.98201e-07
-4.13 3.23127e-07
-4.12 3.50066e-07
-4.11 3.79172e-07
-4.1 4.10613e-07
-4.09 4.44571e-07
-4.08 4.81237e-07
-4.07 5.2082e-07
-4.06 5.63543e-07
-4.05 6.09644e-07
-4.04 6.59381e-07
-4.03 7.13029e-07
-4.02 7.70883e-07
-4.01 8.33259e-07
-4 9.00496e-07
-3.99 9.72959e-07
-3.98 1.05104e-06
-3.97 1.13514e-06
-3.96 1.22573e-06
-3.95 1.32327e-06
-3.94 1.42828e-06
-3.93 1.5413e-06
-3.92 1.66292e-06
-3.91 1.79377e-06
-3.9 1.93452e-06
-3.89 2.08588e-06
-3.88 2.24862e-06
-3.87 2.42355e-06
-3.86 2.61155e-06
-3.85 2.81356e-06
-3.84 3.03056e-06
-3.83 3.26363e-06
-3.82 3.51389e-06
-3.81 3.78256e-06
-3.8 4.07093e-06
-3.79 4.38038e-06
-3.78 4.71238e-06
-3.77 5.06849e-06
-3.76 5.45038e-06
-3.75 5.85983e-06
-3.74 6.29874e-06
-3.73 6.76911e-06
-3.72 7.27311e-06
-3.71 7.81302e-06
-3.7 8.39126e-06
-3.69 9.01044e-06
-3.68 9.67329e-06
-3.67 1.03828e-05
-3.66 1.11419e-05
-3.65 1.19542e-05
-3.64 1.28229e-05
-3.63 1.3752e-05
-3.62 1.47453e-05
-3.61 1.5807e-05
-3.6 1.69417e-05
-3.59 1.81541e-05
-3.58 1.94492e-05
-3.57 2.08324e-05
-3.56 2.23093e-05
-3.55 2.38859e-05
-3.54 2.55686e-05
-3.53 2.73642e-05
-3.52 2.92798e-05
-3.51 3.1323e-05
-3.5 3.35017e-05
-3.49 3.58246e-05
-3.48 3.83006e-05
-3.47 4.09391e-05
-3.46 4.37503e-05
-3.45 4.67448e-05
-3.44 4.99338e-05
-3.43 5.33293e-05
-3.42 5.69439e-05
-3.41 6.07907e-05
-3.4 6.48838e-05
-3.39 6.92381e-05
-3.38 7.38692e-05
-3.37 7.87936e-05
-3.36 8.40288e-05
-3.35 8.9593e-05
-3.34 9.55058e-05
-3.33 0.000101788
-3.32 0.00010846
-3.31 0.000115545
-3.3 0.000123068
-3.29 0.000131053
-3.28 0.000139526
-3.27 0.000148517
-3.26 0.000158054
-3.25 0.000168168
-3.24 0.000178891
-3.23 0.000190259
-3.22 0.000202307
-3.21 0.000215072
-3.2 0.000228595
-3.19 0.000242917
-3.18 0.000258083
-3.17 0.000274137
-3.16 0.00029113
-3.15 0.00030911
-3.14 0.000328133
-3.13 0.000348252
-3.12 0.000369528
-3.11 0.000392021
-3.1 0.000415795
-3.09 0.000440919
-3.08 0.000467462
-3.07 0.000495499
-3.06 0.000525107
-3.05 0.000556366
-3.04 0.000589363
-3.03 0.000624185
-3.02 0.000660924
-3.01 0.000699679
-3 0.00074055
-2.99 0.000783643
-2.98 0.000829068
-2.97 0.000876941
-2.96 0.000927382
-2.95 0.000980518
-2.94 0.00103648
-2.93 0.0010954
-2.92 0.00115743
-2.91 0.00122271
-2.9 0.0012914
-2.89 0.00136366
-2.88 0.00143966
-2.87 0.00151957
-2.86 0.00160357
-2.85 0.00169186
-2.84 0.00178463
-2.83 0.0018821
-2.82 0.00198446
-2.81 0.00209194
-2.8 0.00220478
-2.79 0.0023232
-2.78 0.00244747
-2.77 0.00257784
-2.76 0.00271457
-2.75 0.00285794
-2.74 0.00300825
-2.73 0.00316579
-2.72 0.00333086
-2.71 0.00350379
-2.7 0.00368492
-2.69 0.00387458
-2.68 0.00407313
-2.67 0.00428094
-2.66 0.00449839
-2.65 0.00472587
-2.64 0.0049638
-2.63 0.00521258
-2.62 0.00547266
-2.61 0.00574448
-2.6 0.00602851
-2.59 0.00632522
-2.58 0.00663511
-2.57 0.00695869
-2.56 0.00729648
-2.55 0.00764902
-2.54 0.00801686
-2.53 0.00840059
-2.52 0.00880078
-2.51 0.00921805
-2.5 0.00965302
-2.49 0.0101063
-2.48 0.0105786
-2.47 0.0110706
-2.46 0.011583
-2.45 0.0121164
-2.44 0.0126717
-2.43 0.0132496
-2.42 0.0138508
-2.41 0.0144761
-2.4 0.0151264
-2.39 0.0158024
-2.38 0.0165051
-2.37 0.0172353
-2.36 0.0179939
-2.35 0.0187817
-2.34 0.0195998
-2.33 0.020449
-2.32 0.0213304
-2.31 0.0222449
-2.3 0.0231935
-2.29 0.0241773
-2.28 0.0251973
-2.27 0.0262546
-2.26 0.0273503
-2.25 0.0284854
-2.24 0.0296611
-2.23 0.0308785
-2.22 0.0321388
-2.21 0.0334432
-2.2 0.0347929
-2.19 0.0361891
-2.18 0.0376329
-2.17 0.0391258
-2.16 0.0406688
-2.15 0.0422634
-2.14 0.0439107
-2.13 0.0456121
-2.12 0.0473689
-2.11 0.0491825
-2.1 0.0510541
-2.09 0.0529852
-2.08 0.0549771
-2.07 0.0570311
-2.06 0.0591486
-2.05 0.061331
-2.04 0.0635798
-2.03 0.0658962
-2.02 0.0682817
-2.01 0.0707377
-2 0.0732655
-1.99 0.0758666
-1.98 0.0785424
-1.97 0.0812942
-1.96 0.0841234
-1.95 0.0870314
-1.94 0.0900195
-1.93 0.0930892
-1.92 0.0962417
-1.91 0.0994784
-1.9 0.1028
-1.89 0.106209
-1.88 0.109706
-1.87 0.113292
-1.86 0.116969
-1.85 0.120738
-1.84 0.124599
-1.83 0.128554
-1.82 0.132604
-1.81 0.13675
-1.8 0.140994
-1.79 0.145336
-1.78 0.149776
-1.77 0.154317
-1.76 0.158958
-1.75 0.163701
-1.74 0.168547
-1.73 0.173495
-1.72 0.178547
-1.71 0.183703
-1.7 0.188963
-1.69 0.194329
-1.68 0.1998
-1.67 0.205377
-1.66 0.211059
-1.65 0.216848
-1.64 0.222743
-1.63 0.228743
-1.62 0.23485
-1.61 0.241062
-1.6 0.247379
-1.59 0.253802
-1.58 0.260328
-1.57 0.266958
-1.56 0.273692
-1.55 0.280527
-1.54 0.287464
-1.53 0.294501
-1.52 0.301637
-1.51 0.308871
-1.5 0.316201
-1.49 0.323626
-1.48 0.331145
-1.47 0.338754
-1.46 0.346453
-1.45 0.35424
-1.44 0.362112
-1.43 0.370067
-1.42 0.378103
-1.41 0.386217
-1.4 0.394406
-1.39 0.402668
-1.38 0.410999
-1.37 0.419397
-1.36 0.427858
-1.35 0.436379
-1.34 0.444956
-1.33 0.453586
-1.32 0.462265
-1.31 0.470988
-1.3 0.479752
-1.29 0.488552
-1.28 0.497385
-1.27 0.506245
-1.26 0.515128
-1.25 0.524029
-1.24 0.532943
-1.23 0.541865
-1.22 0.550789
-1.21 0.559712
-1.2 0.568626
-1.19 0.577526
-1.18 0.586407
-1.17 0.595263
-1.16 0.604088
-1.15 0.612875
-1.14 0.621619
-1.13 0.630313
-1.12 0.63895
-1.11 0.647525
-1.1 0.65603
-1.09 0.66446
-1.08 0.672806
-1.07 0.681063
-1.06 0.689223
-1.05 0.697279
-1.04 0.705224
-1.03 0.713051
-1.02 0.720753
-1.01 0.728323
-1 0.735752
-0.99 0.743035
-0.98 0.750163
-0.97 0.757129
-0.96 0.763926
-0.95 0.770546
-0.94 0.776981
-0.93 0.783226
-0.92 0.789271
-0.91 0.79511
-0.9 0.800735
-0.89 0.806139
-0.88 0.811315
-0.87 0.816256
-0.86 0.820954
-0.85 0.825402
-0.84 0.829593
-0.83 0.833521
-0.82 0.837179
-0.81 0.840559
-0.8 0.843656
-0.79 0.846462
-0.78 0.848972
-0.77 0.851179
-0.76 0.853077
-0.75 0.854661
-0.74 0.855924
-0.73 0.856861
-0.72 0.857466
-0.71 0.857735
-0.7 0.857663
-0.69 0.857243
-0.68 0.856473
-0.67 0.855347
-0.66 0.853862
-0.65 0.852013
-0.64 0.849797
-0.63 0.84721
-0.62 0.84425
-0.61 0.840912
-0.6 0.837196
-0.59 0.833098
-0.58 0.828615
-0.57 0.823748
-0.56 0.818493
-0.55 0.812849
-0.54 0.806817
-0.53 0.800394
-0.52 0.793581
-0.51 0.786378
-0.5 0.778785
-0.49 0.770802
-0.48 0.762431
-0.47 0.753673
-0.46 0.74453
-0.45 0.735002
-0.44 0.725094
-0.43 0.714806
-0.42 0.704142
-0.41 0.693106
-0.4 0.6817
-0.39 0.669929
-0.38 0.657797
-0.37 0.645308
-0.36 0.632468
-0.35 0.619281
-0.34 0.605752
-0.33 0.591888
-0.32 0.577695
-0.31 0.563179
-0.3 0.548346
-0.29 0.533205
-0.28 0.517761
-0.27 0.502023
-0.26 0.485999
-0.25 0.469696
-0.24 0.453123
-0.23 0.436289
-0.22 0.419202
-0.21 0.401871
-0.2 0.384307
-0.19 0.366519
-0.18 0.348515
-0.17 0.330307
-0.16 0.311905
-0.15 0.293319
-0.14 0.274559
-0.13 0.255637
-0.12 0.236564
-0.11 0.21735
-0.1 0.198006
-0.0900004 0.178544
-0.0800004 0.158976
-0.0700004 0.139313
-0.0600004 0.119567
-0.0500004 0.0997487
-0.0400004 0.079871
-0.0300004 0.0599454
-0.0200004 0.0399839
-0.0100004 0.0199984
-4.47035e-07 8.94047e-07
0.00999955 -0.0199966
0.0199996 -0.0399821
0.0299996 -0.0599436
0.0399996 -0.0798692
0.0499996 -0.0997469
0.0599996 -0.119565
0.0699996 -0.139311
0.0799996 -0.158974
0.0899996 -0.178543
0.0999996 -0.198004
0.11 -0.217348
0.12 -0.236562
0.13 -0.255636
0.14 -0.274558
0.15 -0.293317
0.16 -0.311903
0.17 -0.330306
0.18 -0.348514
0.19 -0.366517
0.2 -0.384306
0.21 -0.40187
0.22 -0.4192
0.23 -0.436287
0.24 -0.453122
0.25 -0.469695
0.26 -0.485997
0.27 -0.502022
0.28 -0.51776
0.29 -0.533204
0.3 -0.548345
0.31 -0.563178
0.32 -0.577694
0.33 -0.591887
0.34 -0.605751
0.35 -0.619279
0.36 -0.632467
0.37 -0.645307
0.38 -0.657796
0.39 -0.669928
0.4 -0.681699
0.41 -0.693105
0.42 -0.704141
0.43 -0.714805
0.44 -0.725093
0.45 -0.735001
0.46 -0.744529
0.47 -0.753673
0.48 -0.762431
0.49 -0.770802
0.5 -0.778784
0.51 -0.786377
0.52 -0.793581
0.53 -0.800394
0.54 -0.806816
0.55 -0.812849
0.56 -0.818492
0.57 -0.823747
0.58 -0.828615
0.59 -0.833097
0.6 -0.837196
0.61 -0.840912
0.62 -0.844249
0.63 -0.84721
0.64 -0.849797
0.65 -0.852013
0.66 -0.853862
0.67 -0.855347
0.68 -0.856473
0.69 -0.857243
0.7 -0.857663
0.71 -0.857735
0.72 -0.857466
0.73 -0.856861
0.74 -0.855924
0.75 -0.854661
0.76 -0.853077
0.77 -0.851179
0.78 -0.848972
0.79 -0.846462
0.8 -0.843656
0.81 -0.840559
0.82 -0.837179
0.83 -0.833522
0.84 -0.829594
0.85 -0.825402
0.86 -0.820954
0.87 -0.816256
0.88 -0.811316
0.89 -0.80614
0.9 -0.800736
0.91 -0.79511
0.92 -0.789271
0.93 -0.783226
0.94 -0.776982
0.95 -0.770546
0.96 -0.763926
0.97 -0.75713
0.98 -0.750164
0.99 -0.743036
1 -0.735753
1.01 -0.728323
1.02 -0.720754
1.03 -0.713052
1.04 -0.705225
1.05 -0.69728
1.06 -0.689224
1.07 -0.681064
1.08 -0.672807
1.09 -0.664461
1.1 -0.656031
1.11 -0.647526
1.12 -0.638951
1.13 -0.630313
1.14 -0.621619
1.15 -0.612876
1.16 -0.604088
1.17 -0.595264
1.18 -0.586408
1.19 -0.577527
1.2 -0.568626
1.21 -0.559712
1.22 -0.55079
1.23 -0.541865
1.24 -0.532943
1.25 -0.524029
1.26 -0.515129
1.27 -0.506246
1.28 -0.497386
1.29 -0.488553
1.3 -0.479753
1.31 -0.470989
1.32 -0.462265
1.33 -0.453587
1.34 -0.444957
1.35 -0.43638
1.36 -0.427859
1.37 -0.419398
1.38 -0.411
1.39 -0.402669
1.4 -0.394407
1.41 -0.386218
1.42 -0.378104
1.43 -0.370068
1.44 -0.362113
1.45 -0.354241
1.46 -0.346454
1.47 -0.338755
1.48 -0.331145
1.49 -0.323627
1.5 -0.316202
1.51 -0.308872
1.52 -0.301638
1.53 -0.294502
1.54 -0.287465
1.55 -0.280528
1.56 -0.273692
1.57 -0.266959
1.58 -0.260329
1.59 -0.253802
1.6 -0.24738
1.61 -0.241062
1.62 -0.23485
1.63 -0.228744
1.64 -0.222743
1.65 -0.216849
1.66 -0.21106
1.67 -0.205377
1.68 -0.199801
1.69 -0.194329
1.7 -0.188964
1.71 -0.183703
1.72 -0.178547
1.73 -0.173495
1.74 -0.168547
1.75 -0.163702
1.76 -0.158959
1.77 -0.154317
1.78 -0.149777
1.79 -0.145336
1.8 -0.140994
1.81 -0.136751
1.82 -0.132604
1.83 -0.128554
1.84 -0.124599
1.85 -0.120738
1.86 -0.116969
1.87 -0.113293
1.88 -0.109707
1.89 -0.10621
1.9 -0.102801
1.91 -0.0994787
1.92 -0.096242
1.93 -0.0930895
1.94 -0.0900198
1.95 -0.0870317
1.96 -0.0841236
1.97 -0.0812944
1.98 -0.0785426
1.99 -0.0758668
2 -0.0732657
2.01 -0.0707379
2.02 -0.0682819
2.03 -0.0658964
2.04 -0.06358
2.05 -0.0613312
2.06 -0.0591488
2.07 -0.0570312
2.08 -0.0549772
2.09 -0.0529854
2.1 -0.0510543
2.11 -0.0491827
2.12 -0.0473691
2.13 -0.0456123
2.14 -0.0439109
2.15 -0.0422635
2.16 -0.040669
2.17 -0.0391259
2.18 -0.0376331
2.19 -0.0361892
2.2 -0.034793
2.21 -0.0334434
2.22 -0.032139
2.23 -0.0308786
2.24 -0.0296612
2.25 -0.0284855
2.26 -0.0273504
2.27 -0.0262547
2.28 -0.0251974
2.29 -0.0241774
2.3 -0.0231936
2.31 -0.022245
2.32 -0.0213305
2.33 -0.0204491
2.34 -0.0195998
2.35 -0.0187818
2.36 -0.0179939
2.37 -0.0172354
2.38 -0.0165052
2.39 -0.0158025
2.4 -0.0151264
2.41 -0.0144762
2.42 -0.0138508
2.43 -0.0132496
2.44 -0.0126718
2.45 -0.0121165
2.46 -0.011583
2.47 -0.0110707
2.48 -0.0105787
2.49 -0.0101064
2.5 -0.00965306
2.51 -0.00921809
2.52 -0.00880082
2.53 -0.00840062
2.54 -0.0080169
2.55 -0.00764905
2.56 -0.00729651
2.57 -0.00695872
2.58 -0.00663514
2.59 -0.00632525
2.6 -0.00602853
2.61 -0.0057445
2.62 -0.00547268
2.63 -0.0052126
2.64 -0.00496382
2.65 -0.00472589
2.66 -0.00449841
2.67 -0.00428096
2.68 -0.00407315
2.69 -0.0038746
2.7 -0.00368494
2.71 -0.00350381
2.72 -0.00333088
2.73 -0.0031658
2.74 -0.00300826
2.75 -0.00285796
2.76 -0.00271458
2.77 -0.00257785
2.78 -0.00244748
2.79 -0.00232321
2.8 -0.00220479
2.81 -0.00209195
2.82 -0.00198447
2.83 -0.0018821
2.84 -0.00178464
2.85 -0.00169187
2.86 -0.00160358
2.87 -0.00151957
2.88 -0.00143966
2.89 -0.00136367
2.9 -0.00129141
2.91 -0.00122272
2.92 -0.00115743
2.93 -0.00109541
2.94 -0.00103648
2.95 -0.000980523
2.96 -0.000927387
2.97 -0.000876945
2.98 -0.000829072
2.99 -0.000783646
3 -0.000740554
3.01 -0.000699683
3.02 -0.000660928
3.03 -0.000624188
3.04 -0.000589366
3.05 -0.000556369
3.06 -0.000525109
3.07 -0.000495501
3.08 -0.000467465
3.09 -0.000440921
3.1 -0.000415797
3.11 -0.000392023
3.12 -0.00036953
3.13 -0.000348254
3.14 -0.000328134
3.15 -0.000309112
3.16 -0.000291131
3.17 -0.000274139
3.18 -0.000258084
3.19 -0.000242919
3.2 -0.000228596
3.21 -0.000215073
3.22 -0.000202308
3.23 -0.00019026
3.24 -0.000178892
3.25 -0.000168169
3.26 -0.000158055
3.27 -0.000148518
3.28 -0.000139527
3.29 -0.000131053
3.3 -0.000123068
3.31 -0.000115546
3.32 -0.00010846
3.33 -0.000101788
3.34 -9.55064e-05
3.35 -8.95936e-05
3.36 -8.40293e-05
3.37 -7.87941e-05
3.38 -7.38697e-05
3.39 -6.92385e-05
3.4 -6.48842e-05
3.41 -6.0791e-05
3.42 -5.69442e-05
3.43 -5.33297e-05
3.44 -4.99341e-05
3.45 -4.67451e-05
3.46 -4.37506e-05
3.47 -4.09393e-05
3.48 -3.83008e-05
3.49 -3.58248e-05
3.5 -3.35019e-05
3.51 -3.13232e-05
3.52 -2.928e-05
3.53 -2.73644e-05
3.54 -2.55688e-05
3.55 -2.3886e-05
3.56 -2.23094e-05
3.57 -2.08325e-05
3.58 -1.94493e-05
3.59 -1.81542e-05
3.6 -1.69418e-05
3.61 -1.58071e-05
3.62 -1.47454e-05
3.63 -1.37521e-05
3.64 -1.2823e-05
3.65 -1.19542e-05
3.66 -1.1142e-05
3.67 -1.03828e-05
3.68 -9.67335e-06
3.69 -9.01049e-06
3.7 -8.39132e-06
3.71 -7.81307e-06
3.72 -7.27316e-06
3.73 -6.76916e-06
3.74 -6.29878e-06
3.75 -5.85987e-06
3.76 -5.45041e-06
3.77 -5.06852e-06
3.78 -4.71241e-06
3.79 -4.38041e-06
3.8 -4.07096e-06
3.81 -3.78259e-06
3.82 -3.51391e-06
3.83 -3.26365e-06
3.84 -3.03058e-06
3.85 -2.81358e-06
3.86 -2.61157e-06
3.87 -2.42357e-06
3.88 -2.24863e-06
3.89 -2.0859e-06
3.9 -1.93453e-06
3.91 -1.79379e-06
3.92 -1.66294e-06
3.93 -1.54131e-06
3.94 -1.42829e-06
3.95 -1.32328e-06
3.96 -1.22574e-06
3.97 -1.13515e-06
3.98 -1.05104e-06
3.99 -9.72966e-07
4 -9.00503e-07
4.01 -8.33265e-07
4.02 -7.70888e-07
4.03 -7.13034e-07
4.04 -6.59386e-07
4.05 -6.09648e-07
4.06 -5.63547e-07
4.07 -5.20824e-07
4.08 -4.8124e-07
4.09 -4.44574e-07
4.1 -4.10616e-07
4.11 -3.79175e-07
4.12 -3.50068e-07
4.13 -3.2313e-07
4.14 -2.98203e-07
4.15 -2.75142e-07
4.16 -2.53813e-07
4.17 -2.34088e-07
4.18 -2.15852e-07
4.19 -1.98996e-07
4.2 -1.83419e-07
4.21 -1.69026e-07
4.22 -1.5573e-07
4.23 -1.43451e-07
4.24 -1.32113e-07
4.25 -1.21646e-07
4.26 -1.11985e-07
4.27 -1.0307e-07
4.28 -9.48457e-08
4.29 -8.72595e-08
4.3 -8.02636e-08
4.31 -7.38134e-08
4.32 -6.78676e-08
4.33 -6.2388e-08
4.34 -5.7339e-08
4.35 -5.26878e-08
4.36 -4.8404e-08
4.37 -4.44593e-08
4.38 -4.08277e-08
4.39 -3.74851e-08
4.4 -3.44091e-08
4.41 -3.1579e-08
4.42 -2.89757e-08
4.43 -2.65816e-08
4.44 -2.43803e-08
4.45 -2.23567e-08
4.46 -2.04969e-08
4.47 -1.87879e-08
4.48 -1.72179e-08
4.49 -1.57759e-08
4.5 -1.44516e-08
4.51 -1.32358e-08
4.52 -1.21199e-08
4.53 -1.10957e-08
4.54 -1.0156e-08
4.55 -9.29396e-09
4.56 -8.50337e-09
4.57 -7.77843e-09
4.58 -7.11384e-09
4.59 -6.50469e-09
4.6 -5.94649e-09
4.61 -5.43508e-09
4.62 -4.96664e-09
4.63 -4.53764e-09
4.64 -4.14485e-09
4.65 -3.78528e-09
4.66 -3.4562e-09
4.67 -3.15509e-09
4.68 -2.87961e-09
4.69 -2.62766e-09
4.7 -2.39725e-09
4.71 -2.18661e-09
4.72 -1.99406e-09
4.73 -1.8181e-09
4.74 -1.65732e-09
4.75 -1.51046e-09
4.76 -1.37633e-09
4.77 -1.25385e-09
4.78 -1.14204e-09
4.79 -1.03998e-09
4.8 -9.46857e-10
4.81 -8.61893e-10
4.82 -7.84393e-10
4.83 -7.13715e-10
4.84 -6.49273e-10
4.85 -5.90529e-10
4.86 -5.36991e-10
4.87 -4.88206e-10
4.88 -4.43763e-10
4.89 -4.03283e-10
4.9 -3.66421e-10
4.91 -3.32861e-10
4.92 -3.02312e-10
4.93 -2.74511e-10
4.94 -2.49216e-10
4.95 -2.26206e-10
4.96 -2.05278e-10
4.97 -1.86248e-10
4.98 -1.68948e-10
4.99 -1.53224e-10
5 -1.38935e-10
5.01 -1.25952e-10
5.02 -1.1416e-10
5.03 -1.0345e-10
5.04 -9.37262e-11
5.05 -8.4899e-11
5.06 -7.68874e-11
5.07 -6.96176e-11
5.08 -6.30224e-11
5.09 -5.70403e-11
5.1 -5.16155e-11
5.11 -4.66972e-11
5.12 -4.22388e-11
5.13 -3.81984e-11
5.14 -3.45374e-11
5.15 -3.12209e-11
5.16 -2.82171e-11
5.17 -2.54972e-11
5.18 -2.30347e-11
5.19 -2.08058e-11
5.2 -1.87888e-11
5.21 -1.69638e-11
5.22 -1.5313e-11
5.23 -1.382e-11
5.24 -1.247e-11
5.25 -1.12496e-11
5.26 -1.01466e-11
5.27 -9.14989e-12
5.28 -8.24939e-12
5.29 -7.43601e-12
5.3 -6.70145e-12
5.31 -6.03823e-12
5.32 -5.43954e-12
5.33 -4.89921e-12
5.34 -4.41166e-12
5.35 -3.97181e-12
5.36 -3.5751e-12
5.37 -3.21735e-12
5.38 -2.89481e-12
5.39 -2.60408e-12
5.4 -2.34207e-12
5.41 -2.10599e-12
5.42 -1.89333e-12
5.43 -1.70179e-12
5.44 -1.52932e-12
5.45 -1.37405e-12
5.46 -1.23429e-12
5.47 -1.10852e-12
5.48 -9.95366e-13
5.49 -8.93579e-13
5.5 -8.02039e-13
5.51 -7.19729e-13
5.52 -6.45736e-13
5.53 -5.79232e-13
5.54 -5.19471e-13
5.55 -4.65781e-13
5.56 -4.17556e-13
5.57 -3.74247e-13
5.58 -3.35363e-13
5.59 -3.00457e-13
5.6 -2.6913e-13
5.61 -2.4102e-13
5.62 -2.15802e-13
5.63 -1.93184e-13
5.64 -1.72901e-13
5.65 -1.54716e-13
5.66 -1.38416e-13
5.67 -1.23808e-13
5.68 -1.10719e-13
5.69 -9.89936e-14
5.7 -8.8492e-14
5.71 -7.90885e-14
5.72 -7.06699e-14
5.73 -6.31345e-14
5.74 -5.63912e-14
5.75 -5.03579e-14
5.76 -4.4961e-14
5.77 -4.01343e-14
5.78 -3.58185e-14
5.79 -3.19604e-14
5.8 -2.8512e-14
5.81 -2.54305e-14
5.82 -2.26774e-14
5.83 -2.02183e-14
5.84 -1.80222e-14
5.85 -1.60614e-14
5.86 -1.4311e-14
5.87 -1.27488e-14
5.88 -1.13548e-14
5.89 -1.01112e-14
5.9 -9.00192e-15
5.91 -8.01274e-15
5.92 -7.13082e-15
5.93 -6.34467e-15
5.94 -5.64405e-15
5.95 -5.01978e-15
5.96 -4.46365e-15
5.97 -3.96833e-15
5.98 -3.52726e-15
5.99 -3.13458e-15
6 -2.78505e-15
6.01 -2.47399e-15
6.02 -2.19723e-15
6.03 -1.95103e-15
6.04 -1.73207e-15
6.05 -1.53737e-15
6.06 -1.36428e-15
6.07 -1.21043e-15
6.08 -1.07372e-15
6.09 -9.52249e-16
6.1 -8.44352e-16
6.11 -7.48529e-16
6.12 -6.63446e-16
6.13 -5.87915e-16
6.14 -5.20877e-16
6.15 -4.6139e-16
6.16 -4.08614e-16
6.17 -3.61801e-16
6.18 -3.20286e-16
6.19 -2.83478e-16
6.2 -2.50849e-16
6.21 -2.21931e-16
6.22 -1.96306e-16
6.23 -1.73605e-16
6.24 -1.53498e-16
6.25 -1.35693e-16
6.26 -1.19928e-16
6.27 -1.05974e-16
6.28 -9.36241e-17
6.29 -8.26969e-17
6.3 -7.30301e-17
6.31 -6.44803e-17
6.32 -5.692e-17
6.33 -5.02359e-17
6.34 -4.43277e-17
6.35 -3.91065e-17
6.36 -3.44933e-17
6.37 -3.04181e-17
6.38 -2.68189e-17
6.39 -2.36408e-17
6.4 -2.08352e-17
6.41 -1.83587e-17
6.42 -1.61734e-17
6.43 -1.42453e-17
6.44 -1.25445e-17
6.45 -1.10445e-17
6.46 -9.72195e-18
6.47 -8.55602e-18
6.48 -7.52839e-18
6.49 -6.62285e-18
6.5 -5.82505e-18
6.51 -5.12232e-18
6.52 -4.50345e-18
6.53 -3.95855e-18
6.54 -3.47888e-18
6.55 -3.05672e-18
6.56 -2.68524e-18
6.57 -2.35843e-18
6.58 -2.07097e-18
6.59 -1.81818e-18
6.6 -1.59593e-18
6.61 -1.40056e-18
6.62 -1.22886e-18
6.63 -1.07799e-18
6.64 -9.45452e-19
6.65 -8.29042e-19
6.66 -7.26818e-19
6.67 -6.37069e-19
6.68 -5.5829e-19
6.69 -4.89154e-19
6.7 -4.28492e-19
6.71 -3.75278e-19
6.72 -3.28605e-19
6.73 -2.87679e-19
6.74 -2.518e-19
6.75 -2.2035e-19
6.76 -1.9279e-19
6.77 -1.68643e-19
6.78 -1.4749e-19
6.79 -1.28964e-19
6.8 -1.12743e-19
6.81 -9.85419e-20
6.82 -8.61123e-20
6.83 -7.52352e-20
6.84 -6.57188e-20
6.85 -5.73945e-20
6.86 -5.01144e-20
6.87 -4.3749e-20
6.88 -3.81843e-20
6.89 -3.33207e-20
6.9 -2.90707e-20
6.91 -2.53577e-20
6.92 -2.21144e-20
6.93 -1.92821e-20
6.94 -1.68091e-20
6.95 -1.46503e-20
6.96 -1.27662e-20
6.97 -1.11222e-20
6.98 -9.68791e-21
6.99 -8.43688e-21
7 -7.34591e-21
7.01 -6.39473e-21
7.02 -5.56558e-21
7.03 -4.84297e-21
7.04 -4.21332e-21
7.05 -3.6648e-21
7.06 -3.18704e-21
7.07 -2.77101e-21
7.08 -2.4088e-21
7.09 -2.09351e-21
7.1 -1.81912e-21
7.11 -1.58038e-21
7.12 -1.37269e-21
7.13 -1.19205e-21
7.14 -1.03498e-21
7.15 -8.9842e-22
7.16 -7.79722e-22
7.17 -6.7657e-22
7.18 -5.86945e-22
7.19 -5.0909e-22
7.2 -4.41473e-22
7.21 -3.8276e-22
7.22 -3.31788e-22
7.23 -2.87546e-22
7.24 -2.49153e-22
7.25 -2.15843e-22
7.26 -1.86948e-22
7.27 -1.61889e-22
7.28 -1.4016e-22
7.29 -1.21324e-22
7.3 -1.04997e-22
7.31 -9.08497e-23
7.32 -7.85925e-23
7.33 -6.79753e-23
7.34 -5.87805e-23
7.35 -5.08192e-23
7.36 -4.39273e-23
7.37 -3.79624e-23
7.38 -3.28009e-23
7.39 -2.83354e-23
7.4 -2.44729e-23
7.41 -2.11326e-23
7.42 -1.82446e-23
7.43 -1.57481e-23
7.44 -1.35904e-23
7.45 -1.1726e-23
7.46 -1.01154e-23
7.47 -8.72418e-24
7.48 -7.5228e-24
7.49 -6.48555e-24
7.5 -5.59019e-24
7.51 -4.81747e-24
7.52 -4.15072e-24
7.53 -3.57553e-24
7.54 -3.07943e-24
7.55 -2.65162e-24
7.56 -2.28279e-24
7.57 -1.96486e-24
7.58 -1.69087e-24
7.59 -1.4548e-24
7.6 -1.25143e-24
7.61 -1.07627e-24
7.62 -9.25443e-25
7.63 -7.95592e-25
7.64 -6.83823e-25
7.65 -5.87637e-25
7.66 -5.04879e-25
7.67 -4.33688e-25
7.68 -3.72461e-25
7.69 -3.19813e-25
7.7 -2.74551e-25
7.71 -2.35648e-25
7.72 -2.02216e-25
7.73 -1.73492e-25
7.74 -1.48819e-25
7.75 -1.27628e-25
7.76 -1.09433e-25
7.77 -9.38132e-26
7.78 -8.04064e-26
7.79 -6.89017e-26
7.8 -5.90312e-26
7.81 -5.05645e-26
7.82 -4.33035e-26
7.83 -3.70776e-26
7.84 -3.17405e-26
7.85 -2.71661e-26
7.86 -2.32463e-26
7.87 -1.98881e-26
7.88 -1.70115e-26
7.89 -1.45481e-26
7.9 -1.24389e-26
7.91 -1.06334e-26
7.92 -9.0881e-27
7.93 -7.76581e-27
7.94 -6.63457e-27
7.95 -5.66697e-27
7.96 -4.83951e-27
7.97 -4.13205e-27
7.98 -3.52729e-27
7.99 -3.01043e-27
8 -2.5688e-27
8.01 -2.19151e-27
8.02 -1.86925e-27
8.03 -1.59407e-27
8.04 -1.35912e-27
8.05 -1.15856e-27
8.06 -9.87406e-28
8.07 -8.41363e-28
8.08 -7.16777e-28
8.09 -6.10516e-28
8.1 -5.19903e-28
8.11 -4.4265e-28
8.12 -3.768e-28
8.13 -3.20681e-28
8.14 -2.72866e-28
8.15 -2.32133e-28
8.16 -1.97441e-28
8.17 -1.679e-28
8.18 -1.4275e-28
8.19 -1.21342e-28
8.2 -1.03125e-28
8.21 -8.76246e-29
8.22 -7.44391e-29
8.23 -6.3225e-29
8.24 -5.36895e-29
8.25 -4.55829e-29
8.26 -3.86925e-29
8.27 -3.28371e-29
8.28 -2.78622e-29
8.29 -2.36362e-29
8.3 -2.00472e-29
8.31 -1.69997e-29
8.32 -1.44126e-29
8.33 -1.22167e-29
8.34 -1.03533e-29
8.35 -8.77239e-30
8.36 -7.43136e-30
8.37 -6.29406e-30
8.38 -5.32975e-30
8.39 -4.51226e-30
8.4 -3.8194e-30
8.41 -3.23227e-30
8.42 -2.73485e-30
8.43 -2.31351e-30
8.44 -1.95669e-30
8.45 -1.65457e-30
8.46 -1.39882e-30
8.47 -1.18236e-30
8.48 -9.99195e-31
8.49 -8.44235e-31
8.5 -7.13164e-31
8.51 -6.0232e-31
8.52 -5.08603e-31
8.53 -4.2938e-31
8.54 -3.62425e-31
8.55 -3.05849e-31
8.56 -2.58052e-31
8.57 -2.17681e-31
8.58 -1.83589e-31
8.59 -1.54805e-31
8.6 -1.30508e-31
8.61 -1.10002e-31
8.62 -9.26996e-32
8.63 -7.81029e-32
8.64 -6.57913e-32
8.65 -5.54093e-32
8.66 -4.66562e-32
8.67 -3.92779e-32
8.68 -3.30598e-32
8.69 -2.78205e-32
8.7 -2.34068e-32
8.71 -1.96893e-32
8.72 -1.6559e-32
8.73 -1.39235e-32
8.74 -1.17051e-32
8.75 -9.83818e-33
8.76 -8.26737e-33
8.77 -6.94596e-33
8.78 -5.83458e-33
8.79 -4.90004e-33
8.8 -4.11436e-33
8.81 -3.45396e-33
8.82 -2.89898e-33
8.83 -2.43269e-33
8.84 -2.04098e-33
8.85 -1.712e-33
8.86 -1.43576e-33
8.87 -1.20385e-33
8.88 -1.0092e-33
8.89 -8.45849e-34
8.9 -7.08796e-34
8.91 -5.93831e-34
8.92 -4.97412e-34
8.93 -4.16565e-34
8.94 -3.48788e-34
8.95 -2.9198e-34
8.96 -2.44375e-34
8.97 -2.04491e-34
8.98 -1.71082e-34
8.99 -1.43102e-34
9 -1.19674e-34
9.01 -1.00061e-34
9.02 -8.36463e-35
9.03 -6.991e-35
9.04 -5.84176e-35
9.05 -4.88047e-35
9.06 -4.07654e-35
9.07 -3.40435e-35
9.08 -2.84243e-35
9.09 -2.37278e-35
9.1 -1.98034e-35
9.11 -1.65246e-35
9.12 -1.3786e-35
9.13 -1.14989e-35
9.14 -9.58932e-36
9.15 -7.99524e-36
9.16 -6.66481e-36
9.17 -5.55465e-36
9.18 -4.62848e-36
9.19 -3.85596e-36
9.2 -3.21173e-36
9.21 -2.6746e-36
9.22 -2.22685e-36
9.23 -1.85369e-36
9.24 -1.54274e-36
9.25 -1.2837e-36
9.26 -1.06794e-36
9.27 -8.88263e-37
9.28 -7.38669e-37
9.29 -6.14144e-37
9.3 -5.10509e-37
9.31 -4.24277e-37
9.32 -3.5254e-37
9.33 -2.92873e-37
9.34 -2.43256e-37
9.35 -2.02004e-37
9.36 -1.67714e-37
9.37 -1.39216e-37
9.38 -1.15538e-37
9.39 -9.58675e-38
9.4 -7.95301e-38
9.41 -6.59635e-38
9.42 -5.47002e-38
9.43 -4.53509e-38
9.44 -3.75921e-38
9.45 -3.11544e-38
9.46 -2.5814e-38
9.47 -2.13847e-38
9.48 -1.77119e-38
9.49 -1.46669e-38
9.5 -1.2143e-38
9.51 -1.00513e-38
9.52 -8.3183e-39
9.53 -6.8827e-39
9.54 -5.69372e-39
9.55 -4.70918e-39
9.56 -3.8941e-39
9.57 -3.21946e-39
9.58 -2.66115e-39
9.59 -2.19923e-39
9.6 -1.81712e-39
9.61 -1.5011e-39
9.62 -1.23979e-39
9.63 -1.02376e-39
9.64 -8.45204e-40
9.65 -6.97651e-40
9.66 -5.75741e-40
9.67 -4.75038e-40
9.68 -3.91871e-40
9.69 -3.23199e-40
9.7 -2.66508e-40
9.71 -2.19716e-40
9.72 -1.81104e-40
9.73 -1.49247e-40
9.74 -1.22969e-40
9.75 -1.01297e-40
9.76 -8.34284e-41
9.77 -6.86977e-41
9.78 -5.65566e-41
9.79 -4.65519e-41
9.8 -3.83093e-41
9.81 -3.15198e-41
9.82 -2.59283e-41
9.83 -2.13245e-41
9.84 -1.75346e-41
9.85 -1.44154e-41
9.86 -1.18487e-41
9.87 -9.73699e-42
9.88 -8.00005e-42
9.89 -6.57164e-42
9.9 -5.39718e-42
9.91 -4.43173e-42
9.92 -3.63825e-42
9.93 -2.98623e-42
9.94 -2.45057e-42
9.95 -2.0106e-42
9.96 -1.64928e-42
9.97 -1.35262e-42
9.98 -1.1091e-42
9.99 -9.09243e-43
10 -7.45247e-43
10.01 -6.10708e-43
10.02 -5.00356e-43
10.03 -4.09862e-43
10.04 -3.35668e-43
10.05 -2.74849e-43
10.06 -2.25004e-43
10.07 -1.84162e-43
10.08 -1.50703e-43
10.09 -1.23298e-43
10.1 -1.00857e-43
10.11 -8.24831e-44
10.12 -6.74431e-44
10.13 -5.51345e-44
10.14 -4.50632e-44
10.15 -3.68242e-44
10.16 -3.00855e-44
10.17 -2.4575e-44
10.18 -2.00698e-44
10.19 -1.63872e-44
10.2 -1.33777e-44
10.21 -1.09186e-44
10.22 -8.9098e-45
10.23 -7.26911e-45
10.24 -5.92935e-45
10.25 -4.83554e-45
10.26 -3.94272e-45
10.27 -3.21411e-45
10.28 -2.61961e-45
10.29 -2.13465e-45
10.3 -1.73912e-45
10.31 -1.41659e-45
10.32 -1.15364e-45
10.33 -9.39315e-46
10.34 -7.64653e-46
10.35 -6.22343e-46
10.36 -5.06417e-46
10.37 -4.12002e-46
10.38 -3.35123e-46
10.39 -2.72534e-46
10.4 -2.2159e-46
10.41 -1.80133e-46
10.42 -1.46402e-46
10.43 -1.18964e-46
10.44 -9.66486e-47
10.45 -7.85034e-47
10.46 -6.37521e-47
10.47 -5.17623e-47
10.48 -4.20189e-47
10.49 -3.41027e-47
10.5 -2.76723e-47
10.51 -2.245e-47
10.52 -1.82095e-47
10.53 -1.4767e-47
10.54 -1.19729e-47
10.55 -9.70558e-48
10.56 -7.86602e-48
10.57 -6.37384e-48
10.58 -5.16369e-48
10.59 -4.18246e-48
10.6 -3.38701e-48
10.61 -2.74229e-48
10.62 -2.21985e-48
10.63 -1.79658e-48
10.64 -1.45372e-48
10.65 -1.17606e-48
10.66 -9.51242e-49
10.67 -7.69245e-49
10.68 -6.21944e-49
10.69 -5.02748e-49
10.7 -4.06315e-49
10.71 -3.28312e-49
10.72 -2.65231e-49
10.73 -2.14227e-49
10.74 -1.72997e-49
10.75 -1.39674e-49
10.76 -1.12746e-49
10.77 -9.09922e-50
10.78 -7.34207e-50
10.79 -5.92305e-50
10.8 -4.77733e-50
10.81 -3.85245e-50
10.82 -3.10601e-50
10.83 -2.50369e-50
10.84 -2.01777e-50
10.85 -1.62583e-50
10.86 -1.30976e-50
10.87 -1.05492e-50
10.88 -8.49498e-51
10.89 -6.83938e-51
10.9 -5.50534e-51
10.91 -4.43062e-51
10.92 -3.56498e-51
10.93 -2.8679e-51
10.94 -2.30665e-51
10.95 -1.85487e-51
10.96 -1.49127e-51
10.97 -1.19871e-51
10.98 -9.6335e-52
10.99 -7.74045e-52
11 -6.21816e-52
11.01 -4.99424e-52
11.02 -4.01043e-52
11.03 -3.21976e-52
11.04 -2.58446e-52
11.05 -2.0741e-52
11.06 -1.66418e-52
11.07 -1.33502e-52
11.08 -1.07074e-52
11.09 -8.58606e-53
11.1 -6.88362e-53
11.11 -5.51764e-53
11.12 -4.42183e-53
11.13 -3.54293e-53
11.14 -2.83816e-53
11.15 -2.27313e-53
11.16 -1.82022e-53
11.17 -1.45726e-53
11.18 -1.16644e-53
11.19 -9.33471e-54
11.2 -7.46881e-54
11.21 -5.97469e-54
11.22 -4.77851e-54
11.23 -3.82104e-54
11.24 -3.05481e-54
11.25 -2.44174e-54
11.26 -1.95131e-54
11.27 -1.55908e-54
11.28 -1.24543e-54
11.29 -9.94688e-55
11.3 -7.94266e-55
11.31 -6.341e-55
11.32 -5.0613e-55
11.33 -4.03905e-55
11.34 -3.22263e-55
11.35 -2.57071e-55
11.36 -2.05026e-55
11.37 -1.63485e-55
11.38 -1.30334e-55
11.39 -1.03885e-55
11.4 -8.27867e-56
11.41 -6.59599e-56
11.42 -5.25428e-56
11.43 -4.18464e-56
11.44 -3.33209e-56
11.45 -2.6527e-56
11.46 -2.11141e-56
11.47 -1.68023e-56
11.48 -1.33684e-56
11.49 -1.06341e-56
11.5 -8.45738e-57
11.51 -6.72487e-57
11.52 -5.34619e-57
11.53 -4.24931e-57
11.54 -3.37679e-57
11.55 -2.6829e-57
11.56 -2.13116e-57
11.57 -1.69255e-57
11.58 -1.34394e-57
11.59 -1.06691e-57
11.6 -8.46822e-58
11.61 -6.71999e-58
11.62 -5.3316e-58
11.63 -4.22921e-58
11.64 -3.35408e-58
11.65 -2.65951e-58
11.66 -2.10834e-58
11.67 -1.67107e-58
11.68 -1.32422e-58
11.69 -1.04915e-58
11.7 -8.31057e-59
11.71 -6.58166e-59
11.72 -5.21138e-59
11.73 -4.12556e-59
11.74 -3.26532e-59
11.75 -2.58393e-59
11.76 -2.04432e-59
11.77 -1.61708e-59
11.78 -1.27887e-59
11.79 -1.01119e-59
11.8 -7.99378e-60
11.81 -6.31808e-60
11.82 -4.99264e-60
11.83 -3.94447e-60
11.84 -3.11573e-60
11.85 -2.46062e-60
11.86 -1.94286e-60
11.87 -1.53374e-60
11.88 -1.21052e-60
11.89 -9.55231e-61
11.9 -7.53627e-61
11.91 -5.94453e-61
11.92 -4.68804e-61
11.93 -3.69639e-61
11.94 -2.91392e-61
11.95 -2.29662e-61
11.96 -1.80974e-61
11.97 -1.42578e-61
11.98 -1.12306e-61
11.99 -8.84439e-62
12 -6.96377e-62
12.01 -5.48193e-62
12.02 -4.31455e-62
12.03 -3.39509e-62
12.04 -2.67103e-62
12.05 -2.10097e-62
12.06 -1.65224e-62
12.07 -1.29909e-62
12.08 -1.02122e-62
12.09 -8.02622e-63
12.1 -6.3069e-63
12.11 -4.95489e-63
12.12 -3.89193e-63
12.13 -3.05639e-63
12.14 -2.39974e-63
12.15 -1.8838e-63
12.16 -1.47848e-63
12.17 -1.16014e-63
12.18 -9.10162e-64
12.19 -7.13903e-64
12.2 -5.59851e-64
12.21 -4.38954e-64
12.22 -3.44095e-64
12.23 -2.69681e-64
12.24 -2.11317e-64
12.25 -1.65551e-64
12.26 -1.29671e-64
12.27 -1.01547e-64
12.28 -7.95066e-65
12.29 -6.22375e-65
12.3 -4.87096e-65
12.31 -3.81144e-65
12.32 -2.98179e-65
12.33 -2.33226e-65
12.34 -1.82386e-65
12.35 -1.42599e-65
12.36 -1.1147e-65
12.37 -8.71181e-66
12.38 -6.80727e-66
12.39 -5.31803e-66
12.4 -4.15376e-66
12.41 -3.24373e-66
12.42 -2.53257e-66
12.43 -1.97693e-66
12.44 -1.54288e-66
12.45 -1.20389e-66
12.46 -9.39193e-67
12.47 -7.32547e-67
12.48 -5.71254e-67
12.49 -4.45385e-67
12.5 -3.4718e-67
12.51 -2.70574e-67
12.52 -2.1083e-67
12.53 -1.64244e-67
12.54 -1.27926e-67
12.55 -9.96193e-68
12.56 -7.75604e-68
12.57 -6.03739e-68
12.58 -4.69863e-68
12.59 -3.656e-68
12.6 -2.84416e-68
12.61 -2.21215e-68
12.62 -1.72024e-68
12.63 -1.33744e-68
12.64 -1.03962e-68
12.65 -8.07954e-69
12.66 -6.27786e-69
12.67 -4.87696e-69
12.68 -3.78792e-69
12.69 -2.94147e-69
12.7 -2.28371e-69
12.71 -1.77268e-69
12.72 -1.37573e-69
12.73 -1.06745e-69
12.74 -8.28087e-70
12.75 -6.42269e-70
12.76 -4.98047e-70
12.77 -3.86133e-70
12.78 -2.99307e-70
12.79 -2.31958e-70
12.8 -1.79728e-70
12.81 -1.3923e-70
12.82 -1.07836e-70
12.83 -8.35041e-71
12.84 -6.46494e-71
12.85 -5.0042e-71
12.86 -3.87273e-71
12.87 -2.99649e-71
12.88 -2.31804e-71
12.89 -1.79284e-71
12.9 -1.38636e-71
12.91 -1.07182e-71
12.92 -8.28482e-72
12.93 -6.40259e-72
12.94 -4.947e-72
12.95 -3.82155e-72
12.96 -2.95156e-72
12.97 -2.27916e-72
12.98 -1.7596e-72
12.99 -1.3582e-72
13 -1.04816e-72
13.01 -8.08727e-73
13.02 -6.23865e-73
13.03 -4.81163e-73
13.04 -3.71028e-73
13.05 -2.86045e-73
13.06 -2.20483e-73
13.07 -1.69913e-73
13.08 -1.30916e-73
13.09 -1.00849e-73
13.1 -7.7672e-74
13.11 -5.98093e-74
13.12 -4.60454e-74
13.13 -3.54419e-74
13.14 -2.72747e-74
13.15 -2.09854e-74
13.16 -1.61431e-74
13.17 -1.24156e-74
13.18 -9.54691e-75
13.19 -7.33957e-75
13.2 -5.64146e-75
13.21 -4.33536e-75
13.22 -3.33098e-75
13.23 -2.55877e-75
13.24 -1.96518e-75
13.25 -1.509e-75
13.26 -1.15848e-75
13.27 -8.89196e-76
13.28 -6.82373e-76
13.29 -5.2355e-76
13.3 -4.01613e-76
13.31 -3.08014e-76
13.32 -2.36182e-76
13.33 -1.81065e-76
13.34 -1.38783e-76
13.35 -1.06353e-76
13.36 -8.14849e-77
13.37 -6.2419e-77
13.38 -4.78046e-77
13.39 -3.66046e-77
13.4 -2.8023e-77
13.41 -2.14489e-77
13.42 -1.64138e-77
13.43 -1.25582e-77
13.44 -9.60634e-78
13.45 -7.34685e-78
13.46 -5.61768e-78
13.47 -4.29464e-78
13.48 -3.28253e-78
13.49 -2.50844e-78
13.5 -1.91651e-78
13.51 -1.46397e-78
13.52 -1.11806e-78
13.53 -8.53712e-79
13.54 -6.51734e-79
13.55 -4.97442e-79
13.56 -3.79601e-79
13.57 -2.89618e-79
13.58 -2.20921e-79
13.59 -1.68485e-79
13.6 -1.28469e-79
13.61 -9.79371e-80
13.62 -7.46465e-80
13.63 -5.68834e-80
13.64 -4.33385e-80
13.65 -3.30122e-80
13.66 -2.51414e-80
13.67 -1.91433e-80
13.68 -1.45732e-80
13.69 -1.1092e-80
13.7 -8.44063e-81
13.71 -6.42176e-81
13.72 -4.88479e-81
13.73 -3.71493e-81
13.74 -2.82467e-81
13.75 -2.14733e-81
13.76 -1.63208e-81
13.77 -1.24022e-81
13.78 -9.42251e-82
13.79 -7.15729e-82
13.8 -5.43555e-82
13.81 -4.12716e-82
13.82 -3.13309e-82
13.83 -2.37797e-82
13.84 -1.80448e-82
13.85 -1.36903e-82
13.86 -1.03845e-82
13.87 -7.87536e-83
13.88 -5.97129e-83
13.89 -4.52668e-83
13.9 -3.43087e-83
13.91 -2.59981e-83
13.92 -1.96966e-83
13.93 -1.49195e-83
13.94 -1.12987e-83
13.95 -8.55497e-84
13.96 -6.4762e-84
13.97 -4.90156e-84
13.98 -3.70904e-84
13.99 -2.8061e-84
14 -2.12254e-84
14.01 -1.60517e-84
14.02 -1.21367e-84
14.03 -9.17473e-85
14.04 -6.93423e-85
14.05 -5.23982e-85
14.06 -3.95865e-85
14.07 -2.99014e-85
14.08 -2.25812e-85
14.09 -1.70497e-85
14.1 -1.28706e-85
14.11 -9.71393e-86
14.12 -7.32999e-86
14.13 -5.53e-86
14.14 -4.17118e-86
14.15 -3.14562e-86
14.16 -2.37174e-86
14.17 -1.78788e-86
14.18 -1.34749e-86
14.19 -1.01537e-86
14.2 -7.64955e-87
14.21 -5.76184e-87
14.22 -4.33909e-87
14.23 -3.267e-87
14.24 -2.45931e-87
14.25 -1.85093e-87
14.26 -1.39277e-87
14.27 -1.04781e-87
14.28 -7.88127e-88
14.29 -5.92685e-88
14.3 -4.45621e-88
14.31 -3.3498e-88
14.32 -2.5176e-88
14.33 -1.89176e-88
14.34 -1.42121e-88
14.35 -1.06749e-88
14.36 -8.01647e-89
14.37 -6.01887e-89
14.38 -4.51814e-89
14.39 -3.39092e-89
14.4 -2.54441e-89
14.41 -1.90885e-89
14.42 -1.43175e-89
14.43 -1.07368e-89
14.44 -8.05004e-90
14.45 -6.03439e-90
14.46 -4.52253e-90
14.47 -3.38877e-90
14.48 -2.53873e-90
14.49 -1.90153e-90
14.5 -1.42398e-90
14.51 -1.06614e-90
14.52 -7.9807e-91
14.53 -5.97282e-91
14.54 -4.46921e-91
14.55 -3.34346e-91
14.56 -2.50077e-91
14.57 -1.87009e-91
14.58 -1.39819e-91
14.59 -1.04516e-91
14.6 -7.81109e-92
14.61 -5.83652e-92
14.62 -4.36022e-92
14.63 -3.25669e-92
14.64 -2.43197e-92
14.65 -1.81573e-92
14.66 -1.35537e-92
14.67 -1.01153e-92
14.68 -7.54763e-93
14.69 -5.63062e-93
14.7 -4.19967e-93
14.71 -3.13174e-93
14.72 -2.33491e-93
14.73 -1.74048e-93
14.74 -1.29711e-93
14.75 -9.66499e-94
14.76 -7.20009e-94
14.77 -5.36274e-94
14.78 -3.99346e-94
14.79 -2.9732e-94
14.8 -2.21315e-94
14.81 -1.64707e-94
14.82 -1.22554e-94
14.83 -9.11703e-95
14.84 -6.78099e-95
14.85 -5.0425e-95
14.86 -3.74896e-95
14.87 -2.7867e-95
14.88 -2.07101e-95
14.89 -1.53881e-95
14.9 -1.14315e-95
14.91 -8.49051e-96
14.92 -6.30488e-96
14.93 -4.68094e-96
14.94 -3.47458e-96
14.95 -2.5786e-96
14.96 -1.91328e-96
14.97 -1.41934e-96
14.98 -1.05271e-96
14.99 -7.80625e-97
15 -5.78748e-97
15.01 -4.28992e-97
15.02 -3.17923e-97
15.03 -2.35563e-97
15.04 -1.74504e-97
15.05 -1.29246e-97
15.06 -9.57068e-98
15.07 -7.08566e-98
15.08 -5.24482e-98
15.09 -3.88145e-98
15.1 -2.87191e-98
15.11 -2.12452e-98
15.12 -1.57131e-98
15.13 -1.16192e-98
15.14 -8.59025e-99
15.15 -6.34961e-99
15.16 -4.69247e-99
15.17 -3.46711e-99
15.18 -2.56123e-99
15.19 -1.89165e-99
15.2 -1.39684e-99
15.21 -1.03125e-99
15.22 -7.61198e-100
15.23 -5.61749e-100
15.24 -4.14477e-100
15.25 -3.05753e-100
15.26 -2.25504e-100
15.27 -1.66284e-100
15.28 -1.22592e-100
15.29 -9.03615e-101
15.3 -6.65915e-101
15.31 -4.90645e-101
15.32 -3.61434e-101
15.33 -2.66197e-101
15.34 -1.96015e-101
15.35 -1.44308e-101
15.36 -1.06219e-101
15.37 -7.81682e-102
15.38 -5.75134e-102
15.39 -4.23079e-102
15.4 -3.11162e-102
15.41 -2.28804e-102
15.42 -1.68211e-102
15.43 -1.2364e-102
15.44 -9.08607e-103
15.45 -6.67584e-103
15.46 -4.90398e-103
15.47 -3.60168e-103
15.48 -2.64468e-103
15.49 -1.94158e-103
15.5 -1.42511e-103
15.51 -1.04582e-103
15.52 -7.67323e-104
15.53 -5.62875e-104
15.54 -4.12818e-104
15.55 -3.02704e-104
15.56 -2.21917e-104
15.57 -1.62658e-104
15.58 -1.19199e-104
15.59 -8.73344e-105
15.6 -6.39749e-105
15.61 -4.6854e-105
15.62 -3.43081e-105
15.63 -2.51166e-105
15.64 -1.83838e-105
15.65 -1.34532e-105
15.66 -9.843e-106
15.67 -7.20017e-106
15.68 -5.26588e-106
15.69 -3.85045e-106
15.7 -2.81492e-106
15.71 -2.05746e-106
15.72 -1.50353e-106
15.73 -1.09851e-106
15.74 -8.02437e-107
15.75 -5.86043e-107
15.76 -4.27919e-107
15.77 -3.12397e-107
15.78 -2.28015e-107
15.79 -1.66393e-107
15.8 -1.214e-107
15.81 -8.85553e-108
15.82 -6.45839e-108
15.83 -4.7092e-108
15.84 -3.43307e-108
15.85 -2.50225e-108
15.86 -1.82344e-108
15.87 -1.32852e-108
15.88 -9.6773e-109
15.89 -7.04781e-109
15.9 -5.13178e-109
15.91 -3.73589e-109
15.92 -2.71915e-109
15.93 -1.97873e-109
15.94 -1.43963e-109
15.95 -1.0472e-109
15.96 -7.61588e-110
15.97 -5.53763e-110
15.98 -4.0257e-110
15.99 -2.92598e-110
16 -2.12625e-110
16.01 -1.54479e-110
16.02 -1.12212e-110
16.03 -8.14932e-111
16.04 -5.9172e-111
16.05 -4.2956e-111
16.06 -3.11778e-111
16.07 -2.26245e-111
16.08 -1.64144e-111
16.09 -1.19065e-111
16.1 -8.63492e-112
16.11 -6.261e-112
16.12 -4.53882e-112
16.13 -3.28969e-112
16.14 -2.38385e-112
16.15 -1.7271e-112
16.16 -1.25103e-112
16.17 -9.06006e-113
16.18 -6.56006e-113
16.19 -4.74894e-113
16.2 -3.43716e-113
16.21 -2.48723e-113
16.22 -1.79947e-113
16.23 -1.30162e-113
16.24 -9.41325e-114
16.25 -6.80624e-114
16.26 -4.92025e-114
16.27 -3.55616e-114
16.28 -2.56973e-114
16.29 -1.85655e-114
16.3 -1.34103e-114
16.31 -9.68465e-115
16.32 -6.99266e-115
16.33 -5.04793e-115
16.34 -3.64332e-115
16.35 -2.62903e-115
16.36 -1.89673e-115
16.37 -1.36813e-115
16.38 -9.86653e-116
16.39 -7.114e-116
16.4 -5.12833e-116
16.41 -3.69616e-116
16.42 -2.66342e-116
16.43 -1.91885e-116
16.44 -1.38215e-116
16.45 -9.95362e-117
16.46 -7.16673e-117
16.47 -5.1591e-117
16.48 -3.71313e-117
16.49 -2.67189e-117
16.5 -1.92225e-117
16.51 -1.38266e-117
16.52 -9.94337e-118
16.53 -7.14932e-118
16.54 -5.13935e-118
16.55 -3.69373e-118
16.56 -2.65421e-118
16.57 -1.90686e-118
16.58 -1.36966e-118
16.59 -9.83609e-119
16.6 -7.06227e-119
16.61 -5.06966e-119
16.62 -3.63854e-119
16.63 -2.61088e-119
16.64 -1.8731e-119
16.65 -1.34353e-119
16.66 -9.63491e-120
16.67 -6.90813e-120
16.68 -4.95206e-120
16.69 -3.54915e-120
16.7 -2.54317e-120
16.71 -1.82197e-120
16.72 -1.30502e-120
16.73 -9.34564e-121
16.74 -6.69133e-121
16.75 -4.78993e-121
16.76 -3.42814e-121
16.77 -2.45302e-121
16.78 -1.75492e-121
16.79 -1.25524e-121
16.8 -8.9765e-122
16.81 -6.41802e-122
16.82 -4.58785e-122
16.83 -3.27891e-122
16.84 -2.34295e-122
16.85 -1.67382e-122
16.86 -1.19555e-122
16.87 -8.5377e-123
16.88 -6.09574e-123
16.89 -4.35136e-123
16.9 -3.10553e-123
16.91 -2.21595e-123
16.92 -1.58088e-123
16.93 -1.12758e-123
16.94 -8.04103e-124
16.95 -5.73308e-124
16.96 -4.08674e-124
16.97 -2.91259e-124
16.98 -2.07537e-124
16.99 -1.47851e-124
17 -1.05309e-124
17.01 -7.49927e-125
17.02 -5.33933e-125
17.03 -3.80073e-125
17.04 -2.70495e-125
17.05 -1.92471e-125
17.06 -1.36926e-125
17.07 -9.73908e-126
17.08 -6.92569e-126
17.09 -4.92404e-126
17.1 -3.5002e-126
17.11 -2.48758e-126
17.12 -1.76756e-126
17.13 -1.2557e-126
17.14 -8.91882e-127
17.15 -6.3335e-127
17.16 -4.49669e-127
17.17 -3.19194e-127
17.18 -2.26532e-127
17.19 -1.60738e-127
17.2 -1.1403e-127
17.21 -8.08787e-128
17.22 -5.73537e-128
17.23 -4.06632e-128
17.24 -2.8824e-128
17.25 -2.04278e-128
17.26 -1.44744e-128
17.27 -1.0254e-128
17.28 -7.26268e-129
17.29 -5.14299e-129
17.3 -3.64122e-129
17.31 -2.57745e-129
17.32 -1.8241e-129
17.33 -1.29068e-129
17.34 -9.13064e-130
17.35 -6.45799e-130
17.36 -4.56674e-130
17.37 -3.22871e-130
17.38 -2.28225e-130
17.39 -1.61292e-130
17.4 -1.13965e-130
17.41 -8.05095e-131
17.42 -5.68636e-131
17.43 -4.01545e-131
17.44 -2.83496e-131
17.45 -2.00112e-131
17.46 -1.41225e-131
17.47 -9.96471e-132
17.48 -7.02959e-132
17.49 -4.95802e-132
17.5 -3.49622e-132
17.51 -2.46492e-132
17.52 -1.73748e-132
17.53 -1.22448e-132
17.54 -8.62768e-133
17.55 -6.07785e-133
17.56 -4.28074e-133
17.57 -3.0144e-133
17.58 -2.12225e-133
17.59 -1.49384e-133
17.6 -1.0513e-133
17.61 -7.39707e-134
17.62 -5.20364e-134
17.63 -3.65988e-134
17.64 -2.5736e-134
17.65 -1.80937e-134
17.66 -1.27182e-134
17.67 -8.93795e-135
17.68 -6.28005e-135
17.69 -4.41165e-135
17.7 -3.09851e-135
17.71 -2.17579e-135
17.72 -1.52754e-135
17.73 -1.07222e-135
17.74 -7.52467e-136
17.75 -5.27963e-136
17.76 -3.70367e-136
17.77 -2.59762e-136
17.78 -1.8215e-136
17.79 -1.27702e-136
17.8 -8.95116e-137
17.81 -6.27298e-137
17.82 -4.39522e-137
17.83 -3.07894e-137
17.84 -2.15643e-137
17.85 -1.51001e-137
17.86 -1.05716e-137
17.87 -7.39967e-138
17.88 -5.17842e-138
17.89 -3.62323e-138
17.9 -2.53459e-138
17.91 -1.77268e-138
17.92 -1.23956e-138
17.93 -8.66601e-139
17.94 -6.05735e-139
17.95 -4.2331e-139
17.96 -2.95766e-139
17.97 -2.0661e-139
17.98 -1.443e-139
17.99 -1.00761e-139
18 -7.03454e-140
18.01 -4.91009e-140
18.02 -3.42655e-140
18.03 -2.39077e-140
18.04 -1.66775e-140
18.05 -1.16315e-140
18.06 -8.11067e-141
18.07 -5.65444e-141
18.08 -3.94126e-141
18.09 -2.74659e-141
18.1 -1.91366e-141
18.11 -1.33306e-141
18.12 -9.28424e-142
18.13 -6.46483e-142
18.14 -4.5007e-142
18.15 -3.13269e-142
18.16 -2.18005e-142
18.17 -1.5168e-142
18.18 -1.05513e-142
18.19 -7.33826e-143
18.2 -5.10264e-143
18.21 -3.54739e-143
18.22 -2.46568e-143
18.23 -1.71347e-143
18.24 -1.1905e-143
18.25 -8.26985e-144
18.26 -5.74351e-144
18.27 -3.98814e-144
18.28 -2.7687e-144
18.29 -1.92174e-144
18.3 -1.3336e-144
18.31 -9.25275e-145
18.32 -6.41843e-145
18.33 -4.45143e-145
18.34 -3.08662e-145
18.35 -2.13983e-145
18.36 -1.48317e-145
18.37 -1.02781e-145
18.38 -7.12112e-146
18.39 -4.93284e-146
18.4 -3.41632e-146
18.41 -2.36556e-146
18.42 -1.63765e-146
18.43 -1.1335e-146
18.44 -7.84397e-147
18.45 -5.42704e-147
18.46 -3.75407e-147
18.47 -2.59631e-147
18.48 -1.79524e-147
18.49 -1.24108e-147
18.5 -8.57813e-148
18.51 -5.92786e-148
18.52 -4.09558e-148
18.53 -2.82909e-148
18.54 -1.95385e-148
18.55 -1.34911e-148
18.56 -9.31361e-149
18.57 -6.42837e-149
18.58 -4.43606e-149
18.59 -3.0606e-149
18.6 -2.11119e-149
18.61 -1.45601e-149
18.62 -1.00395e-149
18.63 -6.92106e-150
18.64 -4.77031e-150
18.65 -3.28726e-150
18.66 -2.26482e-150
18.67 -1.56008e-150
18.68 -1.07442e-150
18.69 -7.39798e-151
18.7 -5.09291e-151
18.71 -3.50535e-151
18.72 -2.41218e-151
18.73 -1.65959e-151
18.74 -1.14158e-151
18.75 -7.85095e-152
18.76 -5.39825e-152
18.77 -3.71105e-152
18.78 -2.55066e-152
18.79 -1.75276e-152
18.8 -1.20422e-152
18.81 -8.2718e-153
18.82 -5.68079e-153
18.83 -3.90059e-153
18.84 -2.67772e-153
18.85 -1.83786e-153
18.86 -1.26117e-153
18.87 -8.6526e-154
18.88 -5.93517e-154
18.89 -4.07036e-154
18.9 -2.79091e-154
18.91 -1.91325e-154
18.92 -1.31132e-154
18.93 -8.98591e-155
18.94 -6.1564e-155
18.95 -4.21701e-155
18.96 -2.88799e-155
18.97 -1.97742e-155
18.98 -1.35368e-155
18.99 -9.26501e-156
19 -6.34e-156
19.01 -4.33755e-156
19.02 -2.96698e-156
19.03 -2.02906e-156
19.04 -1.38737e-156
19.05 -9.48416e-157
19.06 -6.48216e-157
19.07 -4.42949e-157
19.08 -3.02622e-157
19.09 -2.0671e-157
19.1 -1.41167e-157
19.11 -9.63875e-158
19.12 -6.57991e-158
19.13 -4.49089e-158
19.14 -3.06448e-158
19.15 -2.09072e-158
19.16 -1.42609e-158
19.17 -9.72548e-159
19.18 -6.63114e-159
19.19 -4.52042e-159
19.2 -3.08093e-159
19.21 -2.09942e-159
19.22 -1.4303e-159
19.23 -9.7425e-160
19.24 -6.63477e-160
19.25 -4.51746e-160
19.26 -3.07522e-160
19.27 -2.09301e-160
19.28 -1.42422e-160
19.29 -9.68944e-161
19.3 -6.59071e-161
19.31 -4.48207e-161
19.32 -3.04747e-161
19.33 -2.07163e-161
19.34 -1.40798e-161
19.35 -9.56745e-162
19.36 -6.49992e-162
19.37 -4.41502e-162
19.38 -2.99827e-162
19.39 -2.03574e-162
19.4 -1.38193e-162
19.41 -9.37912e-163
19.42 -6.36432e-163
19.43 -4.31773e-163
19.44 -2.92867e-163
19.45 -1.9861e-163
19.46 -1.34661e-163
19.47 -9.12846e-164
19.48 -6.18679e-164
19.49 -4.19224e-164
19.5 -2.84015e-164
19.51 -1.92375e-164
19.52 -1.30277e-164
19.53 -8.82067e-165
19.54 -5.97101e-165
19.55 -4.04117e-165
19.56 -2.73451e-165
19.57 -1.84997e-165
19.58 -1.25131e-165
19.59 -8.46203e-166
19.6 -5.72136e-166
19.61 -3.86756e-166
19.62 -2.61389e-166
19.63 -1.76624e-166
19.64 -1.19324e-166
19.65 -8.05966e-167
19.66 -5.44277e-167
19.67 -3.67481e-167
19.68 -2.48064e-167
19.69 -1.67419e-167
19.7 -1.12969e-167
19.71 -7.62129e-168
19.72 -5.14054e-168
19.73 -3.46659e-168
19.74 -2.33728e-168
19.75 -1.57554e-168
19.76 -1.06185e-168
19.77 -7.15499e-169
19.78 -4.82023e-169
19.79 -3.24668e-169
19.8 -2.18638e-169
19.81 -1.47205e-169
19.82 -9.9091e-170
19.83 -6.66896e-170
19.84 -4.48741e-170
19.85 -3.01888e-170
19.86 -2.03053e-170
19.87 -1.36548e-170
19.88 -9.18068e-171
19.89 -6.17131e-171
19.9 -4.14756e-171
19.91 -2.7869e-171
19.92 -1.87224e-171
19.93 -1.25753e-171
19.94 -8.4447e-172
19.95 -5.66976e-172
19.96 -3.80591e-172
19.97 -2.55426e-172
19.98 -1.7139e-172
19.99 -1.14979e-172
20 -7.71193e-173
